streamFrame.type,streamframe.id,streamFrame.frameNumber,streamFrame.channels,streamFrame.dataFlags,streamFrame.hmdPose.value[0],streamFrame.hmdPose.value[1],streamFrame.hmdPose.value[2],streamFrame.hmdPose.value[3],streamFrame.hmdPose.value[4],streamFrame.hmdPose.value[5],streamFrame.hmdPose.value[6],streamFrame.hmdPose.value[7],streamFrame.hmdPose.value[8],streamFrame.hmdPose.value[9],streamFrame.hmdPose.value[10],streamFrame.hmdPose.value[11],streamFrame.hmdPose.value[12],streamFrame.hmdPose.value[13],streamFrame.hmdPose.value[14],streamFrame.hmdPose.value[15],streamFrame.metadata.distortedColor.timestamp,streamFrame.metadata.distortedColor.ev,streamFrame.metadata.distortedColor.exposuretime,streamFrame.metadata.distortedColor.whiteBalanceTemperature,streamFrame.metadata.distortedColor.wbNormalizationData.whiteBalanceColorGains[0],streamFrame.metadata.distortedColor.wbNormalizationData.whiteBalanceColorGains[1],streamFrame.metadata.distortedColor.wbNormalizationData.whiteBalanceColorGains[2],streamFrame.metadata.distortedColor.wbNormalizationData.invCCM.value[0],streamFrame.metadata.distortedColor.wbNormalizationData.invCCM.value[1],streamFrame.metadata.distortedColor.wbNormalizationData.invCCM.value[2],streamFrame.metadata.distortedColor.wbNormalizationData.invCCM.value[3],streamFrame.metadata.distortedColor.wbNormalizationData.invCCM.value[4],streamFrame.metadata.distortedColor.wbNormalizationData.invCCM.value[5],streamFrame.metadata.distortedColor.wbNormalizationData.invCCM.value[6],streamFrame.metadata.distortedColor.wbNormalizationData.invCCM.value[7],streamFrame.metadata.distortedColor.wbNormalizationData.invCCM.value[8],streamFrame.metadata.distortedColor.wbNormalizationData.ccm.value[0],streamFrame.metadata.distortedColor.wbNormalizationData.ccm.value[1],streamFrame.metadata.distortedColor.wbNormalizationData.ccm.value[2],streamFrame.metadata.distortedColor.wbNormalizationData.ccm.value[3],streamFrame.metadata.distortedColor.wbNormalizationData.ccm.value[4],streamFrame.metadata.distortedColor.wbNormalizationData.ccm.value[5],streamFrame.metadata.distortedColor.wbNormalizationData.ccm.value[6],streamFrame.metadata.distortedColor.wbNormalizationData.ccm.value[7],streamFrame.metadata.distortedColor.wbNormalizationData.ccm.value[8],streamFrame.metadata.distortedColor.cameraCalibrationConstant,channelIndex,timestamp,extrinsics.value[0],extrinsics.value[1],extrinsics.value[2],extrinsics.value[3],extrinsics.value[4],extrinsics.value[5],extrinsics.value[6],extrinsics.value[7],extrinsics.value[8],extrinsics.value[9],extrinsics.value[10],extrinsics.value[11],extrinsics.value[12],extrinsics.value[13],extrinsics.value[14],extrinsics.value[15],intrinsics.model,intrinsics.principalPointX,intrinsics.principalPointY,intrinsics.focalLengthX,intrinsics.focalLengthY,intrinsics.distortionCoefficients[0],intrinsics.distortionCoefficients[1],intrinsics.distortionCoefficients[2],intrinsics.distortionCoefficients[3],intrinsics.distortionCoefficients[4],intrinsics.distortionCoefficients[5],intrinsics.distortionCoefficients[6],intrinsics.distortionCoefficients[7],bufferMetadata.format,bufferMetadata.type,bufferMetadata.byteSize,bufferMetadata.rowStride,bufferMetadata.width,bufferMetadata.height
1,1,2471,3,7,-0.115498,0.518489,-0.847248,0,0.729154,0.623478,0.28215,0,0.674533,-0.585187,-0.450069,0,-1.22957,0.0124498,0.363314,1,1000015738324109000,6.14597,0.01,6295,1,1,1,0.64112,0.235227,0.123654,0.193153,0.651026,0.155823,0.0942861,0.256904,0.648825,1.75667,-0.555222,-0.201446,-0.508254,1.85749,-0.349234,-0.0540321,-0.654794,1.7088,0.78,1,1000015738324109000,0.9999,-0.00260894,-0.013909,0,0.00261115,0.999997,0.000141284,0,0.0139086,-0.000177588,0.999903,0,-0.0632734,0.000165093,0.000880157,1,2,0.502583,0.487419,0.875166,0.875166,5.20662,0.24839,-0.0876499,8.36841,-5.27394e-05,-1.00255e-05,4.3879,-0.525412,13,1,860160,896,832,640
1,1,2472,3,7,-0.115548,0.518538,-0.847211,0,0.729186,0.623449,0.282133,0,0.67449,-0.585175,-0.450149,0,-1.22957,0.0124498,0.363314,1,1000015738335220200,6.14597,0.01,6295,1,1,1,0.64112,0.235227,0.123654,0.193153,0.651026,0.155823,0.0942861,0.256904,0.648825,1.75667,-0.555222,-0.201446,-0.508254,1.85749,-0.349234,-0.0540321,-0.654794,1.7088,0.78,1,1000015738335220200,0.9999,-0.00260894,-0.013909,0,0.00261115,0.999997,0.000141284,0,0.0139086,-0.000177588,0.999903,0,-0.0632734,0.000165093,0.000880157,1,2,0.502583,0.487419,0.875166,0.875166,5.20662,0.24839,-0.0876499,8.36841,-5.27394e-05,-1.00255e-05,4.3879,-0.525412,13,1,860160,896,832,640
1,1,2473,3,7,-0.115519,0.518518,-0.847228,0,0.729175,0.623457,0.282143,0,0.674506,-0.585184,-0.450112,0,-1.22957,0.0124498,0.363314,1,1000015738346331400,6.14597,0.01,6295,1,1,1,0.64112,0.235227,0.123654,0.193153,0.651026,0.155823,0.0942861,0.256904,0.648825,1.75667,-0.555222,-0.201446,-0.508254,1.85749,-0.349234,-0.0540321,-0.654794,1.7088,0.78,1,1000015738346331400,0.9999,-0.00260894,-0.013909,0,0.00261115,0.999997,0.000141284,0,0.0139086,-0.000177588,0.999903,0,-0.0632734,0.000165093,0.000880157,1,2,0.502583,0.487419,0.875166,0.875166,5.20662,0.24839,-0.0876499,8.36841,-5.27394e-05,-1.00255e-05,4.3879,-0.525412,13,1,860160,896,832,640
1,1,2474,3,7,-0.115579,0.518568,-0.847189,0,0.729197,0.623438,0.282127,0,0.674472,-0.58516,-0.450195,0,-1.22957,0.0124498,0.363314,1,1000015738357442600,6.14597,0.01,6295,1,1,1,0.64112,0.235227,0.123654,0.193153,0.651026,0.155823,0.0942861,0.256904,0.648825,1.75667,-0.555222,-0.201446,-0.508254,1.85749,-0.349234,-0.0540321,-0.654794,1.7088,0.78,1,1000015738357442600,0.9999,-0.00260894,-0.013909,0,0.00261115,0.999997,0.000141284,0,0.0139086,-0.000177588,0.999903,0,-0.0632734,0.000165093,0.000880157,1,2,0.502583,0.487419,0.875166,0.875166,5.20662,0.24839,-0.0876499,8.36841,-5.27394e-05,-1.00255e-05,4.3879,-0.525412,13,1,860160,896,832,640
1,1,2475,3,7,-0.115558,0.518551,-0.847202,0,0.729203,0.623433,0.282125,0,0.67447,-0.585181,-0.450171,0,-1.22957,0.0124498,0.363314,1,1000015738368553800,6.14597,0.01,6295,1,1,1,0.64112,0.235227,0.123654,0.193153,0.651026,0.155823,0.0942861,0.256904,0.648825,1.75667,-0.555222,-0.201446,-0.508254,1.85749,-0.349234,-0.0540321,-0.654794,1.7088,0.78,1,1000015738368553800,0.9999,-0.00260894,-0.013909,0,0.00261115,0.999997,0.000141284,0,0.0139086,-0.000177588,0.999903,0,-0.0632734,0.000165093,0.000880157,1,2,0.502583,0.487419,0.875166,0.875166,5.20662,0.24839,-0.0876499,8.36841,-5.27394e-05,-1.00255e-05,4.3879,-0.525412,13,1,860160,896,832,640
1,1,2476,3,7,-0.115588,0.518587,-0.847176,0,0.729223,0.623413,0.282119,0,0.674443,-0.585171,-0.450224,0,-1.22957,0.0124498,0.363314,1,1000015738379665100,6.14597,0.01,6295,1,1,1,0.64112,0.235227,0.123654,0.193153,0.651026,0.155823,0.0942861,0.256904,0.648825,1.75667,-0.555222,-0.201446,-0.508254,1.85749,-0.349234,-0.0540321,-0.654794,1.7088,0.78,1,1000015738379665100,0.9999,-0.00260894,-0.013909,0,0.00261115,0.999997,0.000141284,0,0.0139086,-0.000177588,0.999903,0,-0.0632734,0.000165093,0.000880157,1,2,0.502583,0.487419,0.875166,0.875166,5.20662,0.24839,-0.0876499,8.36841,-5.27394e-05,-1.00255e-05,4.3879,-0.525412,13,1,860160,896,832,640
1,1,2477,3,7,-0.115535,0.518575,-0.84719,0,0.729225,0.623399,0.282142,0,0.67445,-0.585195,-0.450182,0,-1.22957,0.0124498,0.363314,1,1000015738390776200,6.14597,0.01,6295,1,1,1,0.64112,0.235227,0.123654,0.193153,0.651026,0.155823,0.0942861,0.256904,0.648825,1.75667,-0.555222,-0.201446,-0.508254,1.85749,-0.349234,-0.0540321,-0.654794,1.7088,0.78,1,1000015738390776200,0.9999,-0.00260894,-0.013909,0,0.00261115,0.999997,0.000141284,0,0.0139086,-0.000177588,0.999903,0,-0.0632734,0.000165093,0.000880157,1,2,0.502583,0.487419,0.875166,0.875166,5.20662,0.24839,-0.0876499,8.36841,-5.27394e-05,-1.00255e-05,4.3879,-0.525412,13,1,860160,896,832,640
1,1,2478,3,7,-0.115555,0.518602,-0.847171,0,0.729235,0.623387,0.282143,0,0.674435,-0.585184,-0.450218,0,-1.22957,0.0124498,0.363314,1,1000015738401887400,6.14597,0.01,6295,1,1,1,0.64112,0.235227,0.123654,0.193153,0.651026,0.155823,0.0942861,0.256904,0.648825,1.75667,-0.555222,-0.201446,-0.508254,1.85749,-0.349234,-0.0540321,-0.654794,1.7088,0.78,1,1000015738401887400,0.9999,-0.00260894,-0.013909,0,0.00261115,0.999997,0.000141284,0,0.0139086,-0.000177588,0.999903,0,-0.0632734,0.000165093,0.000880157,1,2,0.502583,0.487419,0.875166,0.875166,5.20662,0.24839,-0.0876499,8.36841,-5.27394e-05,-1.00255e-05,4.3879,-0.525412,13,1,860160,896,832,640
1,1,2479,3,7,-0.115551,0.518614,-0.847164,0,0.729224,0.623392,0.282161,0,0.674448,-0.585169,-0.45022,0,-1.22957,0.0124498,0.363314,1,1000015738412998600,6.14597,0.01,6295,1,1,1,0.64112,0.235227,0.123654,0.193153,0.651026,0.155823,0.0942861,0.256904,0.648825,1.75667,-0.555222,-0.201446,-0.508254,1.85749,-0.349234,-0.0540321,-0.654794,1.7088,0.78,1,1000015738412998600,0.9999,-0.00260894,-0.013909,0,0.00261115,0.999997,0.000141284,0,0.0139086,-0.000177588,0.999903,0,-0.0632734,0.000165093,0.000880157,1,2,0.502583,0.487419,0.875166,0.875166,5.20662,0.24839,-0.0876499,8.36841,-5.27394e-05,-1.00255e-05,4.3879,-0.525412,13,1,860160,896,832,640
1,1,2480,3,7,-0.115596,0.518654,-0.847134,0,0.729222,0.623393,0.282162,0,0.674442,-0.585132,-0.450276,0,-1.22957,0.0124498,0.363314,1,1000015738424109800,6.14597,0.01,6295,1,1,1,0.64112,0.235227,0.123654,0.193153,0.651026,0.155823,0.0942861,0.256904,0.648825,1.75667,-0.555222,-0.201446,-0.508254,1.85749,-0.349234,-0.0540321,-0.654794,1.7088,0.78,1,1000015738424109800,0.9999,-0.00260894,-0.013909,0,0.00261115,0.999997,0.000141284,0,0.0139086,-0.000177588,0.999903,0,-0.0632734,0.000165093,0.000880157,1,2,0.502583,0.487419,0.875166,0.875166,5.20662,0.24839,-0.0876499,8.36841,-5.27394e-05,-1.00255e-05,4.3879,-0.525412,13,1,860160,896,832,640
1,1,2481,3,7,-0.115563,0.518621,-0.847159,0,0.729229,0.623389,0.282156,0,0.674441,-0.585166,-0.450234,0,-1.22957,0.0124498,0.363314,1,1000015738435221000,6.14597,0.01,6295,1,1,1,0.64112,0.235227,0.123654,0.193153,0.651026,0.155823,0.0942861,0.256904,0.648825,1.75667,-0.555222,-0.201446,-0.508254,1.85749,-0.349234,-0.0540321,-0.654794,1.7088,0.78,1,1000015738435221000,0.9999,-0.00260894,-0.013909,0,0.00261115,0.999997,0.000141284,0,0.0139086,-0.000177588,0.999903,0,-0.0632734,0.000165093,0.000880157,1,2,0.502583,0.487419,0.875166,0.875166,5.20662,0.24839,-0.0876499,8.36841,-5.27394e-05,-1.00255e-05,4.3879,-0.525412,13,1,860160,896,832,640
1,1,2482,3,7,-0.115571,0.518624,-0.847156,0,0.729221,0.623397,0.282158,0,0.674448,-0.585154,-0.450238,0,-1.22957,0.0124498,0.363314,1,1000015738446332200,6.14597,0.01,6295,1,1,1,0.64112,0.235227,0.123654,0.193153,0.651026,0.155823,0.0942861,0.256904,0.648825,1.75667,-0.555222,-0.201446,-0.508254,1.85749,-0.349234,-0.0540321,-0.654794,1.7088,0.78,1,1000015738446332200,0.9999,-0.00260894,-0.013909,0,0.00261115,0.999997,0.000141284,0,0.0139086,-0.000177588,0.999903,0,-0.0632734,0.000165093,0.000880157,1,2,0.502583,0.487419,0.875166,0.875166,5.20662,0.24839,-0.0876499,8.36841,-5.27394e-05,-1.00255e-05,4.3879,-0.525412,13,1,860160,896,832,640
1,1,2483,3,7,-0.115567,0.518625,-0.847155,0,0.729215,0.623401,0.282166,0,0.674456,-0.585149,-0.450234,0,-1.22957,0.0124498,0.363314,1,1000015738457443500,6.14597,0.01,6295,1,1,1,0.64112,0.235227,0.123654,0.193153,0.651026,0.155823,0.0942861,0.256904,0.648825,1.75667,-0.555222,-0.201446,-0.508254,1.85749,-0.349234,-0.0540321,-0.654794,1.7088,0.78,1,1000015738457443500,0.9999,-0.00260894,-0.013909,0,0.00261115,0.999997,0.000141284,0,0.0139086,-0.000177588,0.999903,0,-0.0632734,0.000165093,0.000880157,1,2,0.502583,0.487419,0.875166,0.875166,5.20662,0.24839,-0.0876499,8.36841,-5.27394e-05,-1.00255e-05,4.3879,-0.525412,13,1,860160,896,832,640
1,1,2484,3,7,-0.115576,0.518633,-0.847149,0,0.729196,0.623417,0.282178,0,0.674474,-0.585125,-0.450237,0,-1.22957,0.0124498,0.363314,1,1000015738468554600,6.14597,0.01,6295,1,1,1,0.64112,0.235227,0.123654,0.193153,0.651026,0.155823,0.0942861,0.256904,0.648825,1.75667,-0.555222,-0.201446,-0.508254,1.85749,-0.349234,-0.0540321,-0.654794,1.7088,0.78,1,1000015738468554600,0.9999,-0.00260894,-0.013909,0,0.00261115,0.999997,0.000141284,0,0.0139086,-0.000177588,0.999903,0,-0.0632734,0.000165093,0.000880157,1,2,0.502583,0.487419,0.875166,0.875166,5.20662,0.24839,-0.0876499,8.36841,-5.27394e-05,-1.00255e-05,4.3879,-0.525412,13,1,860160,896,832,640
1,1,2485,3,7,-0.115556,0.518624,-0.847158,0,0.729173,0.623434,0.282199,0,0.674502,-0.585115,-0.450208,0,-1.22957,0.0124498,0.363314,1,1000015738479665800,6.14597,0.01,6295,1,1,1,0.64112,0.235227,0.123654,0.193153,0.651026,0.155823,0.0942861,0.256904,0.648825,1.75667,-0.555222,-0.201446,-0.508254,1.85749,-0.349234,-0.0540321,-0.654794,1.7088,0.78,1,1000015738479665800,0.9999,-0.00260894,-0.013909,0,0.00261115,0.999997,0.000141284,0,0.0139086,-0.000177588,0.999903,0,-0.0632734,0.000165093,0.000880157,1,2,0.502583,0.487419,0.875166,0.875166,5.20662,0.24839,-0.0876499,8.36841,-5.27394e-05,-1.00255e-05,4.3879,-0.525412,13,1,860160,896,832,640
1,1,2486,3,7,-0.11556,0.518638,-0.847149,0,0.729133,0.623465,0.282233,0,0.674545,-0.585069,-0.450204,0,-1.22957,0.0124498,0.363314,1,1000015738490777000,6.14597,0.01,6295,1,1,1,0.64112,0.235227,0.123654,0.193153,0.651026,0.155823,0.0942861,0.256904,0.648825,1.75667,-0.555222,-0.201446,-0.508254,1.85749,-0.349234,-0.0540321,-0.654794,1.7088,0.78,1,1000015738490777000,0.9999,-0.00260894,-0.013909,0,0.00261115,0.999997,0.000141284,0,0.0139086,-0.000177588,0.999903,0,-0.0632734,0.000165093,0.000880157,1,2,0.502583,0.487419,0.875166,0.875166,5.20662,0.24839,-0.0876499,8.36841,-5.27394e-05,-1.00255e-05,4.3879,-0.525412,13,1,860160,896,832,640
1,1,2487,3,7,-0.115544,0.518627,-0.847157,0,0.729142,0.623457,0.28223,0,0.674538,-0.585088,-0.450189,0,-1.22957,0.0124498,0.363314,1,1000015738501888300,6.14597,0.01,6295,1,1,1,0.64112,0.235227,0.123654,0.193153,0.651026,0.155823,0.0942861,0.256904,0.648825,1.75667,-0.555222,-0.201446,-0.508254,1.85749,-0.349234,-0.0540321,-0.654794,1.7088,0.78,1,1000015738501888300,0.9999,-0.00260894,-0.013909,0,0.00261115,0.999997,0.000141284,0,0.0139086,-0.000177588,0.999903,0,-0.0632734,0.000165093,0.000880157,1,2,0.502583,0.487419,0.875166,0.875166,5.20662,0.24839,-0.0876499,8.36841,-5.27394e-05,-1.00255e-05,4.3879,-0.525412,13,1,860160,896,832,640
1,1,2488,3,7,-0.115491,0.518601,-0.847181,0,0.729103,0.623484,0.282271,0,0.67459,-0.585082,-0.45012,0,-1.22957,0.0124498,0.363314,1,1000015738512999400,6.14597,0.01,6295,1,1,1,0.64112,0.235227,0.123654,0.193153,0.651026,0.155823,0.0942861,0.256904,0.648825,1.75667,-0.555222,-0.201446,-0.508254,1.85749,-0.349234,-0.0540321,-0.654794,1.7088,0.78,1,1000015738512999400,0.9999,-0.00260894,-0.013909,0,0.00261115,0.999997,0.000141284,0,0.0139086,-0.000177588,0.999903,0,-0.0632734,0.000165093,0.000880157,1,2,0.502583,0.487419,0.875166,0.875166,5.20662,0.24839,-0.0876499,8.36841,-5.27394e-05,-1.00255e-05,4.3879,-0.525412,13,1,860160,896,832,640
1,1,2489,3,7,-0.115521,0.518631,-0.847158,0,0.729083,0.6235,0.282287,0,0.674606,-0.585038,-0.450153,0,-1.22957,0.0124498,0.363314,1,1000015738524110600,6.14597,0.01,6295,1,1,1,0.64112,0.235227,0.123654,0.193153,0.651026,0.155823,0.0942861,0.256904,0.648825,1.75667,-0.555222,-0.201446,-0.508254,1.85749,-0.349234,-0.0540321,-0.654794,1.7088,0.78,1,1000015738524110600,0.9999,-0.00260894,-0.013909,0,0.00261115,0.999997,0.000141284,0,0.0139086,-0.000177588,0.999903,0,-0.0632734,0.000165093,0.000880157,1,2,0.502583,0.487419,0.875166,0.875166,5.20662,0.24839,-0.0876499,8.36841,-5.27394e-05,-1.00255e-05,4.3879,-0.525412,13,1,860160,896,832,640
1,1,2490,3,7,-0.115507,0.518616,-0.847169,0,0.729046,0.623533,0.28231,0,0.674649,-0.585016,-0.450117,0,-1.22957,0.0124498,0.363314,1,1000015738535221800,6.14597,0.01,6295,1,1,1,0.64112,0.235227,0.123654,0.193153,0.651026,0.155823,0.0942861,0.256904,0.648825,1.75667,-0.555222,-0.201446,-0.508254,1.85749,-0.349234,-0.0540321,-0.654794,1.7088,0.78,1,1000015738535221800,0.9999,-0.00260894,-0.013909,0,0.00261115,0.999997,0.000141284,0,0.0139086,-0.000177588,0.999903,0,-0.0632734,0.000165093,0.000880157,1,2,0.502583,0.487419,0.875166,0.875166,5.20662,0.24839,-0.0876499,8.36841,-5.27394e-05,-1.00255e-05,4.3879,-0.525412,13,1,860160,896,832,640
1,1,2491,3,7,-0.115486,0.518598,-0.847183,0,0.729048,0.62353,0.282309,0,0.674649,-0.585035,-0.450092,0,-1.22957,0.0124498,0.363314,1,1000015738546333100,6.14597,0.01,6295,1,1,1,0.64112,0.235227,0.123654,0.193153,0.651026,0.155823,0.0942861,0.256904,0.648825,1.75667,-0.555222,-0.201446,-0.508254,1.85749,-0.349234,-0.0540321,-0.654794,1.7088,0.78,1,1000015738546333100,0.9999,-0.00260894,-0.013909,0,0.00261115,0.999997,0.000141284,0,0.0139086,-0.000177588,0.999903,0,-0.0632734,0.000165093,0.000880157,1,2,0.502583,0.487419,0.875166,0.875166,5.20662,0.24839,-0.0876499,8.36841,-5.27394e-05,-1.00255e-05,4.3879,-0.525412,13,1,860160,896,832,640
1,1,2492,3,7,-0.115441,0.518552,-0.847217,0,0.729035,0.623544,0.282313,0,0.674672,-0.58506,-0.450025,0,-1.22957,0.0124498,0.363314,1,1000015738557444200,6.14597,0.01,6295,1,1,1,0.64112,0.235227,0.123654,0.193153,0.651026,0.155823,0.0942861,0.256904,0.648825,1.75667,-0.555222,-0.201446,-0.508254,1.85749,-0.349234,-0.0540321,-0.654794,1.7088,0.78,1,1000015738557444200,0.9999,-0.00260894,-0.013909,0,0.00261115,0.999997,0.000141284,0,0.0139086,-0.000177588,0.999903,0,-0.0632734,0.000165093,0.000880157,1,2,0.502583,0.487419,0.875166,0.875166,5.20662,0.24839,-0.0876499,8.36841,-5.27394e-05,-1.00255e-05,4.3879,-0.525412,13,1,860160,896,832,640
1,1,2493,3,7,-0.115418,0.518544,-0.847225,0,0.729039,0.623537,0.282318,0,0.674671,-0.585076,-0.450006,0,-1.22957,0.0124498,0.363314,1,1000015738568555400,6.14597,0.01,6295,1,1,1,0.64112,0.235227,0.123654,0.193153,0.651026,0.155823,0.0942861,0.256904,0.648825,1.75667,-0.555222,-0.201446,-0.508254,1.85749,-0.349234,-0.0540321,-0.654794,1.7088,0.78,1,1000015738568555400,0.9999,-0.00260894,-0.013909,0,0.00261115,0.999997,0.000141284,0,0.0139086,-0.000177588,0.999903,0,-0.0632734,0.000165093,0.000880157,1,2,0.502583,0.487419,0.875166,0.875166,5.20662,0.24839,-0.0876499,8.36841,-5.27394e-05,-1.00255e-05,4.3879,-0.525412,13,1,860160,896,832,640
1,1,2494,3,7,-0.115395,0.518536,-0.847234,0,0.729007,0.623561,0.282348,0,0.674709,-0.585058,-0.449972,0,-1.22957,0.0124498,0.363314,1,1000015738579666600,6.14597,0.01,6295,1,1,1,0.64112,0.235227,0.123654,0.193153,0.651026,0.155823,0.0942861,0.256904,0.648825,1.75667,-0.555222,-0.201446,-0.508254,1.85749,-0.349234,-0.0540321,-0.654794,1.7088,0.78,1,1000015738579666600,0.9999,-0.00260894,-0.013909,0,0.00261115,0.999997,0.000141284,0,0.0139086,-0.000177588,0.999903,0,-0.0632734,0.000165093,0.000880157,1,2,0.502583,0.487419,0.875166,0.875166,5.20662,0.24839,-0.0876499,8.36841,-5.27394e-05,-1.00255e-05,4.3879,-0.525412,13,1,860160,896,832,640
1,1,2495,3,7,-0.115364,0.518531,-0.847241,0,0.729013,0.623549,0.28236,0,0.674708,-0.585075,-0.449951,0,-1.22957,0.0124498,0.363314,1,1000015738590777900,6.14597,0.01,6295,1,1,1,0.64112,0.235227,0.123654,0.193153,0.651026,0.155823,0.0942861,0.256904,0.648825,1.75667,-0.555222,-0.201446,-0.508254,1.85749,-0.349234,-0.0540321,-0.654794,1.7088,0.78,1,1000015738590777900,0.9999,-0.00260894,-0.013909,0,0.00261115,0.999997,0.000141284,0,0.0139086,-0.000177588,0.999903,0,-0.0632734,0.000165093,0.000880157,1,2,0.502583,0.487419,0.875166,0.875166,5.20662,0.24839,-0.0876499,8.36841,-5.27394e-05,-1.00255e-05,4.3879,-0.525412,13,1,860160,896,832,640
1,1,2496,3,7,-0.115349,0.518527,-0.847245,0,0.728997,0.623559,0.282377,0,0.674728,-0.585067,-0.449932,0,-1.22957,0.0124498,0.363314,1,1000015738601889000,6.14597,0.01,6295,1,1,1,0.64112,0.235227,0.123654,0.193153,0.651026,0.155823,0.0942861,0.256904,0.648825,1.75667,-0.555222,-0.201446,-0.508254,1.85749,-0.349234,-0.0540321,-0.654794,1.7088,0.78,1,1000015738601889000,0.9999,-0.00260894,-0.013909,0,0.00261115,0.999997,0.000141284,0,0.0139086,-0.000177588,0.999903,0,-0.0632734,0.000165093,0.000880157,1,2,0.502583,0.487419,0.875166,0.875166,5.20662,0.24839,-0.0876499,8.36841,-5.27394e-05,-1.00255e-05,4.3879,-0.525412,13,1,860160,896,832,640
1,1,2497,3,7,-0.115342,0.518528,-0.847246,0,0.729001,0.623554,0.282381,0,0.674725,-0.585072,-0.449929,0,-1.22957,0.0124498,0.363314,1,1000015738613000200,6.14597,0.01,6295,1,1,1,0.64112,0.235227,0.123654,0.193153,0.651026,0.155823,0.0942861,0.256904,0.648825,1.75667,-0.555222,-0.201446,-0.508254,1.85749,-0.349234,-0.0540321,-0.654794,1.7088,0.78,1,1000015738613000200,0.9999,-0.00260894,-0.013909,0,0.00261115,0.999997,0.000141284,0,0.0139086,-0.000177588,0.999903,0,-0.0632734,0.000165093,0.000880157,1,2,0.502583,0.487419,0.875166,0.875166,5.20662,0.24839,-0.0876499,8.36841,-5.27394e-05,-1.00255e-05,4.3879,-0.525412,13,1,860160,896,832,640
1,1,2498,3,7,-0.115326,0.518516,-0.847255,0,0.729009,0.623546,0.282377,0,0.674719,-0.585091,-0.449914,0,-1.22957,0.0124498,0.363314,1,1000015738624111400,6.14597,0.01,6295,1,1,1,0.64112,0.235227,0.123654,0.193153,0.651026,0.155823,0.0942861,0.256904,0.648825,1.75667,-0.555222,-0.201446,-0.508254,1.85749,-0.349234,-0.0540321,-0.654794,1.7088,0.78,1,1000015738624111400,0.9999,-0.00260894,-0.013909,0,0.00261115,0.999997,0.000141284,0,0.0139086,-0.000177588,0.999903,0,-0.0632734,0.000165093,0.000880157,1,2,0.502583,0.487419,0.875166,0.875166,5.20662,0.24839,-0.0876499,8.36841,-5.27394e-05,-1.00255e-05,4.3879,-0.525412,13,1,860160,896,832,640
1,1,2499,3,7,-0.115319,0.518514,-0.847257,0,0.729012,0.623542,0.282377,0,0.674717,-0.585097,-0.449909,0,-1.22957,0.0124498,0.363314,1,1000015738635222700,6.14597,0.01,6295,1,1,1,0.64112,0.235227,0.123654,0.193153,0.651026,0.155823,0.0942861,0.256904,0.648825,1.75667,-0.555222,-0.201446,-0.508254,1.85749,-0.349234,-0.0540321,-0.654794,1.7088,0.78,1,1000015738635222700,0.9999,-0.00260894,-0.013909,0,0.00261115,0.999997,0.000141284,0,0.0139086,-0.000177588,0.999903,0,-0.0632734,0.000165093,0.000880157,1,2,0.502583,0.487419,0.875166,0.875166,5.20662,0.24839,-0.0876499,8.36841,-5.27394e-05,-1.00255e-05,4.3879,-0.525412,13,1,860160,896,832,640
1,1,2500,3,7,-0.115283,0.518483,-0.847281,0,0.729014,0.62354,0.282377,0,0.674721,-0.585126,-0.449865,0,-1.22957,0.0124498,0.363314,1,1000015738646333800,6.14597,0.01,6295,1,1,1,0.64112,0.235227,0.123654,0.193153,0.651026,0.155823,0.0942861,0.256904,0.648825,1.75667,-0.555222,-0.201446,-0.508254,1.85749,-0.349234,-0.0540321,-0.654794,1.7088,0.78,1,1000015738646333800,0.9999,-0.00260894,-0.013909,0,0.00261115,0.999997,0.000141284,0,0.0139086,-0.000177588,0.999903,0,-0.0632734,0.000165093,0.000880157,1,2,0.502583,0.487419,0.875166,0.875166,5.20662,0.24839,-0.0876499,8.36841,-5.27394e-05,-1.00255e-05,4.3879,-0.525412,13,1,860160,896,832,640
1,1,2501,3,7,-0.115256,0.518484,-0.847284,0,0.729047,0.623503,0.282372,0,0.67469,-0.585164,-0.449862,0,-1.22957,0.0124498,0.363314,1,1000015738657445100,6.14597,0.01,6295,1,1,1,0.64112,0.235227,0.123654,0.193153,0.651026,0.155823,0.0942861,0.256904,0.648825,1.75667,-0.555222,-0.201446,-0.508254,1.85749,-0.349234,-0.0540321,-0.654794,1.7088,0.78,1,1000015738657445100,0.9999,-0.00260894,-0.013909,0,0.00261115,0.999997,0.000141284,0,0.0139086,-0.000177588,0.999903,0,-0.0632734,0.000165093,0.000880157,1,2,0.502583,0.487419,0.875166,0.875166,5.20662,0.24839,-0.0876499,8.36841,-5.27394e-05,-1.00255e-05,4.3879,-0.525412,13,1,860160,896,832,640
1,1,2502,3,7,-0.115245,0.518488,-0.847283,0,0.729052,0.623494,0.282379,0,0.674686,-0.585171,-0.44986,0,-1.22957,0.0124498,0.363314,1,1000015738668556200,6.14597,0.01,6295,1,1,1,0.64112,0.235227,0.123654,0.193153,0.651026,0.155823,0.0942861,0.256904,0.648825,1.75667,-0.555222,-0.201446,-0.508254,1.85749,-0.349234,-0.0540321,-0.654794,1.7088,0.78,1,1000015738668556200,0.9999,-0.00260894,-0.013909,0,0.00261115,0.999997,0.000141284,0,0.0139086,-0.000177588,0.999903,0,-0.0632734,0.000165093,0.000880157,1,2,0.502583,0.487419,0.875166,0.875166,5.20662,0.24839,-0.0876499,8.36841,-5.27394e-05,-1.00255e-05,4.3879,-0.525412,13,1,860160,896,832,640
1,1,2503,3,7,-0.115238,0.5185,-0.847277,0,0.729072,0.623471,0.282379,0,0.674666,-0.585185,-0.449871,0,-1.22957,0.0124498,0.363314,1,1000015738679667500,6.14597,0.01,6295,1,1,1,0.64112,0.235227,0.123654,0.193153,0.651026,0.155823,0.0942861,0.256904,0.648825,1.75667,-0.555222,-0.201446,-0.508254,1.85749,-0.349234,-0.0540321,-0.654794,1.7088,0.78,1,1000015738679667500,0.9999,-0.00260894,-0.013909,0,0.00261115,0.999997,0.000141284,0,0.0139086,-0.000177588,0.999903,0,-0.0632734,0.000165093,0.000880157,1,2,0.502583,0.487419,0.875166,0.875166,5.20662,0.24839,-0.0876499,8.36841,-5.27394e-05,-1.00255e-05,4.3879,-0.525412,13,1,860160,896,832,640
1,1,2504,3,7,-0.115224,0.518499,-0.847279,0,0.72908,0.62346,0.282381,0,0.674659,-0.585197,-0.449865,0,-1.22957,0.0124498,0.363314,1,1000015738690885900,6.14597,0.01,6295,1,1,1,0.64112,0.235227,0.123654,0.193153,0.651026,0.155823,0.0942861,0.256904,0.648825,1.75667,-0.555222,-0.201446,-0.508254,1.85749,-0.349234,-0.0540321,-0.654794,1.7088,0.78,1,1000015738690885900,0.9999,-0.00260894,-0.013909,0,0.00261115,0.999997,0.000141284,0,0.0139086,-0.000177588,0.999903,0,-0.0632734,0.000165093,0.000880157,1,2,0.502583,0.487419,0.875166,0.875166,5.20662,0.24839,-0.0876499,8.36841,-5.27394e-05,-1.00255e-05,4.3879,-0.525412,13,1,860160,896,832,640
1,1,2505,3,7,-0.115218,0.518487,-0.847288,0,0.729114,0.623433,0.282354,0,0.674624,-0.585237,-0.449866,0,-1.22957,0.0124498,0.363314,1,1000015738701899200,6.14597,0.01,6295,1,1,1,0.64112,0.235227,0.123654,0.193153,0.651026,0.155823,0.0942861,0.256904,0.648825,1.75667,-0.555222,-0.201446,-0.508254,1.85749,-0.349234,-0.0540321,-0.654794,1.7088,0.78,1,1000015738701899200,0.9999,-0.00260894,-0.013909,0,0.00261115,0.999997,0.000141284,0,0.0139086,-0.000177588,0.999903,0,-0.0632734,0.000165093,0.000880157,1,2,0.502583,0.487419,0.875166,0.875166,5.20662,0.24839,-0.0876499,8.36841,-5.27394e-05,-1.00255e-05,4.3879,-0.525412,13,1,860160,896,832,640
1,1,2506,3,7,-0.115197,0.518477,-0.847296,0,0.729134,0.623413,0.282346,0,0.674606,-0.585267,-0.449855,0,-1.22957,0.0124498,0.363314,1,1000015738713007500,6.14597,0.01,6295,1,1,1,0.64112,0.235227,0.123654,0.193153,0.651026,0.155823,0.0942861,0.256904,0.648825,1.75667,-0.555222,-0.201446,-0.508254,1.85749,-0.349234,-0.0540321,-0.654794,1.7088,0.78,1,1000015738713007500,0.9999,-0.00260894,-0.013909,0,0.00261115,0.999997,0.000141284,0,0.0139086,-0.000177588,0.999903,0,-0.0632734,0.000165093,0.000880157,1,2,0.502583,0.487419,0.875166,0.875166,5.20662,0.24839,-0.0876499,8.36841,-5.27394e-05,-1.00255e-05,4.3879,-0.525412,13,1,860160,896,832,640
1,1,2507,3,7,-0.115227,0.518494,-0.847282,0,0.729152,0.6234,0.282328,0,0.674581,-0.585266,-0.449893,0,-1.22957,0.0124498,0.363314,1,1000015738724118700,6.14597,0.01,6295,1,1,1,0.64112,0.235227,0.123654,0.193153,0.651026,0.155823,0.0942861,0.256904,0.648825,1.75667,-0.555222,-0.201446,-0.508254,1.85749,-0.349234,-0.0540321,-0.654794,1.7088,0.78,1,1000015738724118700,0.9999,-0.00260894,-0.013909,0,0.00261115,0.999997,0.000141284,0,0.0139086,-0.000177588,0.999903,0,-0.0632734,0.000165093,0.000880157,1,2,0.502583,0.487419,0.875166,0.875166,5.20662,0.24839,-0.0876499,8.36841,-5.27394e-05,-1.00255e-05,4.3879,-0.525412,13,1,860160,896,832,640
1,1,2508,3,7,-0.115196,0.518496,-0.847285,0,0.729164,0.623381,0.282341,0,0.674574,-0.585285,-0.449879,0,-1.22957,0.0124498,0.363314,1,1000015738735230000,6.14597,0.01,6295,1,1,1,0.64112,0.235227,0.123654,0.193153,0.651026,0.155823,0.0942861,0.256904,0.648825,1.75667,-0.555222,-0.201446,-0.508254,1.85749,-0.349234,-0.0540321,-0.654794,1.7088,0.78,1,1000015738735230000,0.9999,-0.00260894,-0.013909,0,0.00261115,0.999997,0.000141284,0,0.0139086,-0.000177588,0.999903,0,-0.0632734,0.000165093,0.000880157,1,2,0.502583,0.487419,0.875166,0.875166,5.20662,0.24839,-0.0876499,8.36841,-5.27394e-05,-1.00255e-05,4.3879,-0.525412,13,1,860160,896,832,640
1,1,2509,3,7,-0.115183,0.518493,-0.847288,0,0.729198,0.623348,0.282325,0,0.674539,-0.585322,-0.449884,0,-1.22957,0.0124498,0.363314,1,1000015738746340100,6.14597,0.01,6295,1,1,1,0.64112,0.235227,0.123654,0.193153,0.651026,0.155823,0.0942861,0.256904,0.648825,1.75667,-0.555222,-0.201446,-0.508254,1.85749,-0.349234,-0.0540321,-0.654794,1.7088,0.78,1,1000015738746340100,0.9999,-0.00260894,-0.013909,0,0.00261115,0.999997,0.000141284,0,0.0139086,-0.000177588,0.999903,0,-0.0632734,0.000165093,0.000880157,1,2,0.502583,0.487419,0.875166,0.875166,5.20662,0.24839,-0.0876499,8.36841,-5.27394e-05,-1.00255e-05,4.3879,-0.525412,13,1,860160,896,832,640
1,1,2510,3,7,-0.115217,0.518527,-0.847263,0,0.729217,0.623331,0.282316,0,0.674513,-0.585311,-0.449937,0,-1.22957,0.0124498,0.363314,1,1000015738757451200,6.14597,0.01,6295,1,1,1,0.64112,0.235227,0.123654,0.193153,0.651026,0.155823,0.0942861,0.256904,0.648825,1.75667,-0.555222,-0.201446,-0.508254,1.85749,-0.349234,-0.0540321,-0.654794,1.7088,0.78,1,1000015738757451200,0.9999,-0.00260894,-0.013909,0,0.00261115,0.999997,0.000141284,0,0.0139086,-0.000177588,0.999903,0,-0.0632734,0.000165093,0.000880157,1,2,0.502583,0.487419,0.875166,0.875166,5.20662,0.24839,-0.0876499,8.36841,-5.27394e-05,-1.00255e-05,4.3879,-0.525412,13,1,860160,896,832,640
1,1,2511,3,7,-0.115253,0.518562,-0.847237,0,0.729244,0.623306,0.2823,0,0.674478,-0.585306,-0.449996,0,-1.22957,0.0124498,0.363314,1,1000015738768562500,6.14597,0.01,6295,1,1,1,0.64112,0.235227,0.123654,0.193153,0.651026,0.155823,0.0942861,0.256904,0.648825,1.75667,-0.555222,-0.201446,-0.508254,1.85749,-0.349234,-0.0540321,-0.654794,1.7088,0.78,1,1000015738768562500,0.9999,-0.00260894,-0.013909,0,0.00261115,0.999997,0.000141284,0,0.0139086,-0.000177588,0.999903,0,-0.0632734,0.000165093,0.000880157,1,2,0.502583,0.487419,0.875166,0.875166,5.20662,0.24839,-0.0876499,8.36841,-5.27394e-05,-1.00255e-05,4.3879,-0.525412,13,1,860160,896,832,640
1,1,2512,3,7,-0.115271,0.518575,-0.847227,0,0.72926,0.623293,0.282287,0,0.674457,-0.585309,-0.450024,0,-1.22957,0.0124498,0.363314,1,1000015738779673600,6.14597,0.01,6295,1,1,1,0.64112,0.235227,0.123654,0.193153,0.651026,0.155823,0.0942861,0.256904,0.648825,1.75667,-0.555222,-0.201446,-0.508254,1.85749,-0.349234,-0.0540321,-0.654794,1.7088,0.78,1,1000015738779673600,0.9999,-0.00260894,-0.013909,0,0.00261115,0.999997,0.000141284,0,0.0139086,-0.000177588,0.999903,0,-0.0632734,0.000165093,0.000880157,1,2,0.502583,0.487419,0.875166,0.875166,5.20662,0.24839,-0.0876499,8.36841,-5.27394e-05,-1.00255e-05,4.3879,-0.525412,13,1,860160,896,832,640
1,1,2513,3,7,-0.115303,0.518604,-0.847204,0,0.729282,0.623273,0.282274,0,0.674428,-0.585304,-0.450074,0,-1.22957,0.0124498,0.363314,1,1000015738790784700,6.14597,0.01,6295,1,1,1,0.64112,0.235227,0.123654,0.193153,0.651026,0.155823,0.0942861,0.256904,0.648825,1.75667,-0.555222,-0.201446,-0.508254,1.85749,-0.349234,-0.0540321,-0.654794,1.7088,0.78,1,1000015738790784700,0.9999,-0.00260894,-0.013909,0,0.00261115,0.999997,0.000141284,0,0.0139086,-0.000177588,0.999903,0,-0.0632734,0.000165093,0.000880157,1,2,0.502583,0.487419,0.875166,0.875166,5.20662,0.24839,-0.0876499,8.36841,-5.27394e-05,-1.00255e-05,4.3879,-0.525412,13,1,860160,896,832,640
1,1,2514,3,7,-0.115344,0.518637,-0.847179,0,0.729301,0.623257,0.282259,0,0.6744,-0.585292,-0.450131,0,-1.22957,0.0124498,0.363314,1,1000015738801896000,6.14597,0.01,6295,1,1,1,0.64112,0.235227,0.123654,0.193153,0.651026,0.155823,0.0942861,0.256904,0.648825,1.75667,-0.555222,-0.201446,-0.508254,1.85749,-0.349234,-0.0540321,-0.654794,1.7088,0.78,1,1000015738801896000,0.9999,-0.00260894,-0.013909,0,0.00261115,0.999997,0.000141284,0,0.0139086,-0.000177588,0.999903,0,-0.0632734,0.000165093,0.000880157,1,2,0.502583,0.487419,0.875166,0.875166,5.20662,0.24839,-0.0876499,8.36841,-5.27394e-05,-1.00255e-05,4.3879,-0.525412,13,1,860160,896,832,640
1,1,2515,3,7,-0.115385,0.518672,-0.847151,0,0.729301,0.623257,0.282259,0,0.674393,-0.58526,-0.450183,0,-1.22957,0.0124498,0.363314,1,1000015738813007300,6.14597,0.01,6295,1,1,1,0.64112,0.235227,0.123654,0.193153,0.651026,0.155823,0.0942861,0.256904,0.648825,1.75667,-0.555222,-0.201446,-0.508254,1.85749,-0.349234,-0.0540321,-0.654794,1.7088,0.78,1,1000015738813007300,0.9999,-0.00260894,-0.013909,0,0.00261115,0.999997,0.000141284,0,0.0139086,-0.000177588,0.999903,0,-0.0632734,0.000165093,0.000880157,1,2,0.502583,0.487419,0.875166,0.875166,5.20662,0.24839,-0.0876499,8.36841,-5.27394e-05,-1.00255e-05,4.3879,-0.525412,13,1,860160,896,832,640
1,1,2516,3,7,-0.115403,0.518693,-0.847136,0,0.729304,0.623253,0.28226,0,0.674387,-0.585246,-0.45021,0,-1.22957,0.0124498,0.363314,1,1000015738824117800,6.14597,0.01,6295,1,1,1,0.64112,0.235227,0.123654,0.193153,0.651026,0.155823,0.0942861,0.256904,0.648825,1.75667,-0.555222,-0.201446,-0.508254,1.85749,-0.349234,-0.0540321,-0.654794,1.7088,0.78,1,1000015738824117800,0.9999,-0.00260894,-0.013909,0,0.00261115,0.999997,0.000141284,0,0.0139086,-0.000177588,0.999903,0,-0.0632734,0.000165093,0.000880157,1,2,0.502583,0.487419,0.875166,0.875166,5.20662,0.24839,-0.0876499,8.36841,-5.27394e-05,-1.00255e-05,4.3879,-0.525412,13,1,860160,896,832,640
1,1,2517,3,7,-0.115423,0.518727,-0.847113,0,0.729318,0.623236,0.282264,0,0.674368,-0.585235,-0.450253,0,-1.22957,0.0124498,0.363314,1,1000015738835228800,6.14597,0.01,6295,1,1,1,0.64112,0.235227,0.123654,0.193153,0.651026,0.155823,0.0942861,0.256904,0.648825,1.75667,-0.555222,-0.201446,-0.508254,1.85749,-0.349234,-0.0540321,-0.654794,1.7088,0.78,1,1000015738835228800,0.9999,-0.00260894,-0.013909,0,0.00261115,0.999997,0.000141284,0,0.0139086,-0.000177588,0.999903,0,-0.0632734,0.000165093,0.000880157,1,2,0.502583,0.487419,0.875166,0.875166,5.20662,0.24839,-0.0876499,8.36841,-5.27394e-05,-1.00255e-05,4.3879,-0.525412,13,1,860160,896,832,640
1,1,2518,3,7,-0.115433,0.518736,-0.847106,0,0.729334,0.623222,0.282253,0,0.67435,-0.585241,-0.450272,0,-1.22957,0.0124498,0.363314,1,1000015738846340000,6.14597,0.01,6295,1,1,1,0.64112,0.235227,0.123654,0.193153,0.651026,0.155823,0.0942861,0.256904,0.648825,1.75667,-0.555222,-0.201446,-0.508254,1.85749,-0.349234,-0.0540321,-0.654794,1.7088,0.78,1,1000015738846340000,0.9999,-0.00260894,-0.013909,0,0.00261115,0.999997,0.000141284,0,0.0139086,-0.000177588,0.999903,0,-0.0632734,0.000165093,0.000880157,1,2,0.502583,0.487419,0.875166,0.875166,5.20662,0.24839,-0.0876499,8.36841,-5.27394e-05,-1.00255e-05,4.3879,-0.525412,13,1,860160,896,832,640
1,1,2519,3,7,-0.115473,0.518764,-0.847083,0,0.729332,0.623225,0.282249,0,0.674345,-0.585213,-0.450317,0,-1.22957,0.0124498,0.363314,1,1000015738857451000,6.14597,0.01,6295,1,1,1,0.64112,0.235227,0.123654,0.193153,0.651026,0.155823,0.0942861,0.256904,0.648825,1.75667,-0.555222,-0.201446,-0.508254,1.85749,-0.349234,-0.0540321,-0.654794,1.7088,0.78,1,1000015738857451000,0.9999,-0.00260894,-0.013909,0,0.00261115,0.999997,0.000141284,0,0.0139086,-0.000177588,0.999903,0,-0.0632734,0.000165093,0.000880157,1,2,0.502583,0.487419,0.875166,0.875166,5.20662,0.24839,-0.0876499,8.36841,-5.27394e-05,-1.00255e-05,4.3879,-0.525412,13,1,860160,896,832,640
1,1,2520,3,7,-0.115457,0.518749,-0.847094,0,0.729345,0.623215,0.282241,0,0.674334,-0.585237,-0.450301,0,-1.22957,0.0124498,0.363314,1,1000015738868562100,6.14597,0.01,6295,1,1,1,0.64112,0.235227,0.123654,0.193153,0.651026,0.155823,0.0942861,0.256904,0.648825,1.75667,-0.555222,-0.201446,-0.508254,1.85749,-0.349234,-0.0540321,-0.654794,1.7088,0.78,1,1000015738868562100,0.9999,-0.00260894,-0.013909,0,0.00261115,0.999997,0.000141284,0,0.0139086,-0.000177588,0.999903,0,-0.0632734,0.000165093,0.000880157,1,2,0.502583,0.487419,0.875166,0.875166,5.20662,0.24839,-0.0876499,8.36841,-5.27394e-05,-1.00255e-05,4.3879,-0.525412,13,1,860160,896,832,640
1,1,2521,3,7,-0.1155,0.518797,-0.847059,0,0.729329,0.623225,0.282259,0,0.674344,-0.585184,-0.450356,0,-1.22957,0.0124498,0.363314,1,1000015738879671800,6.14597,0.01,6295,1,1,1,0.64112,0.235227,0.123654,0.193153,0.651026,0.155823,0.0942861,0.256904,0.648825,1.75667,-0.555222,-0.201446,-0.508254,1.85749,-0.349234,-0.0540321,-0.654794,1.7088,0.78,1,1000015738879671800,0.9999,-0.00260894,-0.013909,0,0.00261115,0.999997,0.000141284,0,0.0139086,-0.000177588,0.999903,0,-0.0632734,0.000165093,0.000880157,1,2,0.502583,0.487419,0.875166,0.875166,5.20662,0.24839,-0.0876499,8.36841,-5.27394e-05,-1.00255e-05,4.3879,-0.525412,13,1,860160,896,832,640
1,1,2522,3,7,-0.115493,0.518793,-0.847063,0,0.729333,0.623221,0.282258,0,0.674341,-0.585191,-0.450351,0,-1.22957,0.0124498,0.363314,1,1000015738890781700,6.14597,0.01,6295,1,1,1,0.64112,0.235227,0.123654,0.193153,0.651026,0.155823,0.0942861,0.256904,0.648825,1.75667,-0.555222,-0.201446,-0.508254,1.85749,-0.349234,-0.0540321,-0.654794,1.7088,0.78,1,1000015738890781700,0.9999,-0.00260894,-0.013909,0,0.00261115,0.999997,0.000141284,0,0.0139086,-0.000177588,0.999903,0,-0.0632734,0.000165093,0.000880157,1,2,0.502583,0.487419,0.875166,0.875166,5.20662,0.24839,-0.0876499,8.36841,-5.27394e-05,-1.00255e-05,4.3879,-0.525412,13,1,860160,896,832,640
1,1,2523,3,7,-0.115507,0.518803,-0.847055,0,0.729317,0.623235,0.282266,0,0.674355,-0.585168,-0.45036,0,-1.22957,0.0124498,0.363314,1,1000015738901892800,6.14597,0.01,6295,1,1,1,0.64112,0.235227,0.123654,0.193153,0.651026,0.155823,0.0942861,0.256904,0.648825,1.75667,-0.555222,-0.201446,-0.508254,1.85749,-0.349234,-0.0540321,-0.654794,1.7088,0.78,1,1000015738901892800,0.9999,-0.00260894,-0.013909,0,0.00261115,0.999997,0.000141284,0,0.0139086,-0.000177588,0.999903,0,-0.0632734,0.000165093,0.000880157,1,2,0.502583,0.487419,0.875166,0.875166,5.20662,0.24839,-0.0876499,8.36841,-5.27394e-05,-1.00255e-05,4.3879,-0.525412,13,1,860160,896,832,640
1,1,2524,3,7,-0.115511,0.518812,-0.847048,0,0.729318,0.623232,0.28227,0,0.674353,-0.585163,-0.45037,0,-1.22957,0.0124498,0.363314,1,1000015738913003700,6.14597,0.01,6295,1,1,1,0.64112,0.235227,0.123654,0.193153,0.651026,0.155823,0.0942861,0.256904,0.648825,1.75667,-0.555222,-0.201446,-0.508254,1.85749,-0.349234,-0.0540321,-0.654794,1.7088,0.78,1,1000015738913003700,0.9999,-0.00260894,-0.013909,0,0.00261115,0.999997,0.000141284,0,0.0139086,-0.000177588,0.999903,0,-0.0632734,0.000165093,0.000880157,1,2,0.502583,0.487419,0.875166,0.875166,5.20662,0.24839,-0.0876499,8.36841,-5.27394e-05,-1.00255e-05,4.3879,-0.525412,13,1,860160,896,832,640
1,1,2525,3,7,-0.115568,0.518875,-0.847002,0,0.729296,0.623247,0.282295,0,0.674367,-0.585091,-0.450441,0,-1.22957,0.0124498,0.363314,1,1000015738924114700,6.14597,0.01,6295,1,1,1,0.64112,0.235227,0.123654,0.193153,0.651026,0.155823,0.0942861,0.256904,0.648825,1.75667,-0.555222,-0.201446,-0.508254,1.85749,-0.349234,-0.0540321,-0.654794,1.7088,0.78,1,1000015738924114700,0.9999,-0.00260894,-0.013909,0,0.00261115,0.999997,0.000141284,0,0.0139086,-0.000177588,0.999903,0,-0.0632734,0.000165093,0.000880157,1,2,0.502583,0.487419,0.875166,0.875166,5.20662,0.24839,-0.0876499,8.36841,-5.27394e-05,-1.00255e-05,4.3879,-0.525412,13,1,860160,896,832,640
1,1,2526,3,7,-0.115564,0.518882,-0.846999,0,0.729283,0.623255,0.282311,0,0.674382,-0.585077,-0.450438,0,-1.22957,0.0124498,0.363314,1,1000015738935225700,6.14597,0.01,6295,1,1,1,0.64112,0.235227,0.123654,0.193153,0.651026,0.155823,0.0942861,0.256904,0.648825,1.75667,-0.555222,-0.201446,-0.508254,1.85749,-0.349234,-0.0540321,-0.654794,1.7088,0.78,1,1000015738935225700,0.9999,-0.00260894,-0.013909,0,0.00261115,0.999997,0.000141284,0,0.0139086,-0.000177588,0.999903,0,-0.0632734,0.000165093,0.000880157,1,2,0.502583,0.487419,0.875166,0.875166,5.20662,0.24839,-0.0876499,8.36841,-5.27394e-05,-1.00255e-05,4.3879,-0.525412,13,1,860160,896,832,640
