streamFrame.type,streamframe.id,streamFrame.frameNumber,streamFrame.channels,streamFrame.dataFlags,streamFrame.hmdPose.value[0],streamFrame.hmdPose.value[1],streamFrame.hmdPose.value[2],streamFrame.hmdPose.value[3],streamFrame.hmdPose.value[4],streamFrame.hmdPose.value[5],streamFrame.hmdPose.value[6],streamFrame.hmdPose.value[7],streamFrame.hmdPose.value[8],streamFrame.hmdPose.value[9],streamFrame.hmdPose.value[10],streamFrame.hmdPose.value[11],streamFrame.hmdPose.value[12],streamFrame.hmdPose.value[13],streamFrame.hmdPose.value[14],streamFrame.hmdPose.value[15],streamFrame.metadata.distortedColor.timestamp,streamFrame.metadata.distortedColor.ev,streamFrame.metadata.distortedColor.exposuretime,streamFrame.metadata.distortedColor.whiteBalanceTemperature,streamFrame.metadata.distortedColor.wbNormalizationData.whiteBalanceColorGains[0],streamFrame.metadata.distortedColor.wbNormalizationData.whiteBalanceColorGains[1],streamFrame.metadata.distortedColor.wbNormalizationData.whiteBalanceColorGains[2],streamFrame.metadata.distortedColor.wbNormalizationData.invCCM.value[0],streamFrame.metadata.distortedColor.wbNormalizationData.invCCM.value[1],streamFrame.metadata.distortedColor.wbNormalizationData.invCCM.value[2],streamFrame.metadata.distortedColor.wbNormalizationData.invCCM.value[3],streamFrame.metadata.distortedColor.wbNormalizationData.invCCM.value[4],streamFrame.metadata.distortedColor.wbNormalizationData.invCCM.value[5],streamFrame.metadata.distortedColor.wbNormalizationData.invCCM.value[6],streamFrame.metadata.distortedColor.wbNormalizationData.invCCM.value[7],streamFrame.metadata.distortedColor.wbNormalizationData.invCCM.value[8],streamFrame.metadata.distortedColor.wbNormalizationData.ccm.value[0],streamFrame.metadata.distortedColor.wbNormalizationData.ccm.value[1],streamFrame.metadata.distortedColor.wbNormalizationData.ccm.value[2],streamFrame.metadata.distortedColor.wbNormalizationData.ccm.value[3],streamFrame.metadata.distortedColor.wbNormalizationData.ccm.value[4],streamFrame.metadata.distortedColor.wbNormalizationData.ccm.value[5],streamFrame.metadata.distortedColor.wbNormalizationData.ccm.value[6],streamFrame.metadata.distortedColor.wbNormalizationData.ccm.value[7],streamFrame.metadata.distortedColor.wbNormalizationData.ccm.value[8],streamFrame.metadata.distortedColor.cameraCalibrationConstant,channelIndex,timestamp,extrinsics.value[0],extrinsics.value[1],extrinsics.value[2],extrinsics.value[3],extrinsics.value[4],extrinsics.value[5],extrinsics.value[6],extrinsics.value[7],extrinsics.value[8],extrinsics.value[9],extrinsics.value[10],extrinsics.value[11],extrinsics.value[12],extrinsics.value[13],extrinsics.value[14],extrinsics.value[15],intrinsics.model,intrinsics.principalPointX,intrinsics.principalPointY,intrinsics.focalLengthX,intrinsics.focalLengthY,intrinsics.distortionCoefficients[0],intrinsics.distortionCoefficients[1],intrinsics.distortionCoefficients[2],intrinsics.distortionCoefficients[3],intrinsics.distortionCoefficients[4],intrinsics.distortionCoefficients[5],intrinsics.distortionCoefficients[6],intrinsics.distortionCoefficients[7],bufferMetadata.format,bufferMetadata.type,bufferMetadata.byteSize,bufferMetadata.rowStride,bufferMetadata.width,bufferMetadata.height
1,1,2089,3,7,-0.114369,0.513432,-0.850475,0,0.728941,0.625011,0.279294,0,0.674955,-0.588003,-0.445744,0,-1.22957,0.0124498,0.363314,1,1000015731835166100,6.14597,0.01,6295,1,1,1,0.64112,0.235227,0.123654,0.193153,0.651026,0.155823,0.0942861,0.256904,0.648825,1.75667,-0.555222,-0.201446,-0.508254,1.85749,-0.349234,-0.0540321,-0.654794,1.7088,0.78,1,1000015731835166100,0.9999,-0.00260894,-0.013909,0,0.00261115,0.999997,0.000141284,0,0.0139086,-0.000177588,0.999903,0,-0.0632734,0.000165093,0.000880157,1,2,0.502583,0.487419,0.875166,0.875166,5.20662,0.24839,-0.0876499,8.36841,-5.27394e-05,-1.00255e-05,4.3879,-0.525412,13,1,860160,896,832,640
1,1,2090,3,7,-0.114342,0.513373,-0.850514,0,0.728929,0.625034,0.279276,0,0.674973,-0.588031,-0.44568,0,-1.22957,0.0124498,0.363314,1,1000015731846277300,6.14597,0.01,6295,1,1,1,0.64112,0.235227,0.123654,0.193153,0.651026,0.155823,0.0942861,0.256904,0.648825,1.75667,-0.555222,-0.201446,-0.508254,1.85749,-0.349234,-0.0540321,-0.654794,1.7088,0.78,1,1000015731846277300,0.9999,-0.00260894,-0.013909,0,0.00261115,0.999997,0.000141284,0,0.0139086,-0.000177588,0.999903,0,-0.0632734,0.000165093,0.000880157,1,2,0.502583,0.487419,0.875166,0.875166,5.20662,0.24839,-0.0876499,8.36841,-5.27394e-05,-1.00255e-05,4.3879,-0.525412,13,1,860160,896,832,640
1,1,2091,3,7,-0.114393,0.513375,-0.850506,0,0.728914,0.625061,0.279255,0,0.674981,-0.588,-0.445709,0,-1.22957,0.0124498,0.363314,1,1000015731857388400,6.14597,0.01,6295,1,1,1,0.64112,0.235227,0.123654,0.193153,0.651026,0.155823,0.0942861,0.256904,0.648825,1.75667,-0.555222,-0.201446,-0.508254,1.85749,-0.349234,-0.0540321,-0.654794,1.7088,0.78,1,1000015731857388400,0.9999,-0.00260894,-0.013909,0,0.00261115,0.999997,0.000141284,0,0.0139086,-0.000177588,0.999903,0,-0.0632734,0.000165093,0.000880157,1,2,0.502583,0.487419,0.875166,0.875166,5.20662,0.24839,-0.0876499,8.36841,-5.27394e-05,-1.00255e-05,4.3879,-0.525412,13,1,860160,896,832,640
1,1,2092,3,7,-0.11439,0.513349,-0.850522,0,0.728895,0.625085,0.27925,0,0.675001,-0.587998,-0.445681,0,-1.22957,0.0124498,0.363314,1,1000015731868499500,6.14597,0.01,6295,1,1,1,0.64112,0.235227,0.123654,0.193153,0.651026,0.155823,0.0942861,0.256904,0.648825,1.75667,-0.555222,-0.201446,-0.508254,1.85749,-0.349234,-0.0540321,-0.654794,1.7088,0.78,1,1000015731868499500,0.9999,-0.00260894,-0.013909,0,0.00261115,0.999997,0.000141284,0,0.0139086,-0.000177588,0.999903,0,-0.0632734,0.000165093,0.000880157,1,2,0.502583,0.487419,0.875166,0.875166,5.20662,0.24839,-0.0876499,8.36841,-5.27394e-05,-1.00255e-05,4.3879,-0.525412,13,1,860160,896,832,640
1,1,2093,3,7,-0.114402,0.513387,-0.850497,0,0.728886,0.625084,0.279277,0,0.675009,-0.587966,-0.445711,0,-1.22957,0.0124498,0.363314,1,1000015731879610900,6.14597,0.01,6295,1,1,1,0.64112,0.235227,0.123654,0.193153,0.651026,0.155823,0.0942861,0.256904,0.648825,1.75667,-0.555222,-0.201446,-0.508254,1.85749,-0.349234,-0.0540321,-0.654794,1.7088,0.78,1,1000015731879610900,0.9999,-0.00260894,-0.013909,0,0.00261115,0.999997,0.000141284,0,0.0139086,-0.000177588,0.999903,0,-0.0632734,0.000165093,0.000880157,1,2,0.502583,0.487419,0.875166,0.875166,5.20662,0.24839,-0.0876499,8.36841,-5.27394e-05,-1.00255e-05,4.3879,-0.525412,13,1,860160,896,832,640
1,1,2094,3,7,-0.114357,0.513402,-0.850494,0,0.728895,0.625058,0.279311,0,0.675007,-0.58798,-0.445696,0,-1.22957,0.0124498,0.363314,1,1000015731890722100,6.14597,0.01,6295,1,1,1,0.64112,0.235227,0.123654,0.193153,0.651026,0.155823,0.0942861,0.256904,0.648825,1.75667,-0.555222,-0.201446,-0.508254,1.85749,-0.349234,-0.0540321,-0.654794,1.7088,0.78,1,1000015731890722100,0.9999,-0.00260894,-0.013909,0,0.00261115,0.999997,0.000141284,0,0.0139086,-0.000177588,0.999903,0,-0.0632734,0.000165093,0.000880157,1,2,0.502583,0.487419,0.875166,0.875166,5.20662,0.24839,-0.0876499,8.36841,-5.27394e-05,-1.00255e-05,4.3879,-0.525412,13,1,860160,896,832,640
1,1,2095,3,7,-0.114354,0.51345,-0.850466,0,0.728894,0.625042,0.279348,0,0.675008,-0.587955,-0.445727,0,-1.22957,0.0124498,0.363314,1,1000015731901833200,6.14597,0.01,6295,1,1,1,0.64112,0.235227,0.123654,0.193153,0.651026,0.155823,0.0942861,0.256904,0.648825,1.75667,-0.555222,-0.201446,-0.508254,1.85749,-0.349234,-0.0540321,-0.654794,1.7088,0.78,1,1000015731901833200,0.9999,-0.00260894,-0.013909,0,0.00261115,0.999997,0.000141284,0,0.0139086,-0.000177588,0.999903,0,-0.0632734,0.000165093,0.000880157,1,2,0.502583,0.487419,0.875166,0.875166,5.20662,0.24839,-0.0876499,8.36841,-5.27394e-05,-1.00255e-05,4.3879,-0.525412,13,1,860160,896,832,640
1,1,2096,3,7,-0.11432,0.51346,-0.850464,0,0.728909,0.625016,0.279368,0,0.674998,-0.587974,-0.445717,0,-1.22957,0.0124498,0.363314,1,1000015731912944300,6.14597,0.01,6295,1,1,1,0.64112,0.235227,0.123654,0.193153,0.651026,0.155823,0.0942861,0.256904,0.648825,1.75667,-0.555222,-0.201446,-0.508254,1.85749,-0.349234,-0.0540321,-0.654794,1.7088,0.78,1,1000015731912944300,0.9999,-0.00260894,-0.013909,0,0.00261115,0.999997,0.000141284,0,0.0139086,-0.000177588,0.999903,0,-0.0632734,0.000165093,0.000880157,1,2,0.502583,0.487419,0.875166,0.875166,5.20662,0.24839,-0.0876499,8.36841,-5.27394e-05,-1.00255e-05,4.3879,-0.525412,13,1,860160,896,832,640
1,1,2097,3,7,-0.114328,0.513444,-0.850473,0,0.728902,0.62503,0.279355,0,0.675004,-0.587974,-0.445709,0,-1.22957,0.0124498,0.363314,1,1000015731924055700,6.14597,0.01,6295,1,1,1,0.64112,0.235227,0.123654,0.193153,0.651026,0.155823,0.0942861,0.256904,0.648825,1.75667,-0.555222,-0.201446,-0.508254,1.85749,-0.349234,-0.0540321,-0.654794,1.7088,0.78,1,1000015731924055700,0.9999,-0.00260894,-0.013909,0,0.00261115,0.999997,0.000141284,0,0.0139086,-0.000177588,0.999903,0,-0.0632734,0.000165093,0.000880157,1,2,0.502583,0.487419,0.875166,0.875166,5.20662,0.24839,-0.0876499,8.36841,-5.27394e-05,-1.00255e-05,4.3879,-0.525412,13,1,860160,896,832,640
1,1,2098,3,7,-0.114373,0.513424,-0.850479,0,0.728918,0.625035,0.279301,0,0.674979,-0.587985,-0.445731,0,-1.22957,0.0124498,0.363314,1,1000015731935166900,6.14597,0.01,6295,1,1,1,0.64112,0.235227,0.123654,0.193153,0.651026,0.155823,0.0942861,0.256904,0.648825,1.75667,-0.555222,-0.201446,-0.508254,1.85749,-0.349234,-0.0540321,-0.654794,1.7088,0.78,1,1000015731935166900,0.9999,-0.00260894,-0.013909,0,0.00261115,0.999997,0.000141284,0,0.0139086,-0.000177588,0.999903,0,-0.0632734,0.000165093,0.000880157,1,2,0.502583,0.487419,0.875166,0.875166,5.20662,0.24839,-0.0876499,8.36841,-5.27394e-05,-1.00255e-05,4.3879,-0.525412,13,1,860160,896,832,640
1,1,2099,3,7,-0.114361,0.513401,-0.850495,0,0.72893,0.625029,0.279284,0,0.674968,-0.588012,-0.445712,0,-1.22957,0.0124498,0.363314,1,1000015731946278000,6.14597,0.01,6295,1,1,1,0.64112,0.235227,0.123654,0.193153,0.651026,0.155823,0.0942861,0.256904,0.648825,1.75667,-0.555222,-0.201446,-0.508254,1.85749,-0.349234,-0.0540321,-0.654794,1.7088,0.78,1,1000015731946278000,0.9999,-0.00260894,-0.013909,0,0.00261115,0.999997,0.000141284,0,0.0139086,-0.000177588,0.999903,0,-0.0632734,0.000165093,0.000880157,1,2,0.502583,0.487419,0.875166,0.875166,5.20662,0.24839,-0.0876499,8.36841,-5.27394e-05,-1.00255e-05,4.3879,-0.525412,13,1,860160,896,832,640
1,1,2100,3,7,-0.114347,0.513403,-0.850495,0,0.728968,0.624991,0.279269,0,0.67493,-0.58805,-0.44572,0,-1.22957,0.0124498,0.363314,1,1000015731957389100,6.14597,0.01,6295,1,1,1,0.64112,0.235227,0.123654,0.193153,0.651026,0.155823,0.0942861,0.256904,0.648825,1.75667,-0.555222,-0.201446,-0.508254,1.85749,-0.349234,-0.0540321,-0.654794,1.7088,0.78,1,1000015731957389100,0.9999,-0.00260894,-0.013909,0,0.00261115,0.999997,0.000141284,0,0.0139086,-0.000177588,0.999903,0,-0.0632734,0.000165093,0.000880157,1,2,0.502583,0.487419,0.875166,0.875166,5.20662,0.24839,-0.0876499,8.36841,-5.27394e-05,-1.00255e-05,4.3879,-0.525412,13,1,860160,896,832,640
1,1,2101,3,7,-0.114335,0.513432,-0.85048,0,0.728968,0.624978,0.279297,0,0.674931,-0.588039,-0.445733,0,-1.22957,0.0124498,0.363314,1,1000015731968500500,6.14597,0.01,6295,1,1,1,0.64112,0.235227,0.123654,0.193153,0.651026,0.155823,0.0942861,0.256904,0.648825,1.75667,-0.555222,-0.201446,-0.508254,1.85749,-0.349234,-0.0540321,-0.654794,1.7088,0.78,1,1000015731968500500,0.9999,-0.00260894,-0.013909,0,0.00261115,0.999997,0.000141284,0,0.0139086,-0.000177588,0.999903,0,-0.0632734,0.000165093,0.000880157,1,2,0.502583,0.487419,0.875166,0.875166,5.20662,0.24839,-0.0876499,8.36841,-5.27394e-05,-1.00255e-05,4.3879,-0.525412,13,1,860160,896,832,640
1,1,2102,3,7,-0.114333,0.513448,-0.85047,0,0.729008,0.624938,0.279285,0,0.674889,-0.588067,-0.445759,0,-1.22957,0.0124498,0.363314,1,1000015731979611700,6.14597,0.01,6295,1,1,1,0.64112,0.235227,0.123654,0.193153,0.651026,0.155823,0.0942861,0.256904,0.648825,1.75667,-0.555222,-0.201446,-0.508254,1.85749,-0.349234,-0.0540321,-0.654794,1.7088,0.78,1,1000015731979611700,0.9999,-0.00260894,-0.013909,0,0.00261115,0.999997,0.000141284,0,0.0139086,-0.000177588,0.999903,0,-0.0632734,0.000165093,0.000880157,1,2,0.502583,0.487419,0.875166,0.875166,5.20662,0.24839,-0.0876499,8.36841,-5.27394e-05,-1.00255e-05,4.3879,-0.525412,13,1,860160,896,832,640
1,1,2103,3,7,-0.114345,0.513456,-0.850463,0,0.729035,0.624915,0.279266,0,0.674858,-0.588085,-0.445783,0,-1.22957,0.0124498,0.363314,1,1000015731990722800,6.14597,0.01,6295,1,1,1,0.64112,0.235227,0.123654,0.193153,0.651026,0.155823,0.0942861,0.256904,0.648825,1.75667,-0.555222,-0.201446,-0.508254,1.85749,-0.349234,-0.0540321,-0.654794,1.7088,0.78,1,1000015731990722800,0.9999,-0.00260894,-0.013909,0,0.00261115,0.999997,0.000141284,0,0.0139086,-0.000177588,0.999903,0,-0.0632734,0.000165093,0.000880157,1,2,0.502583,0.487419,0.875166,0.875166,5.20662,0.24839,-0.0876499,8.36841,-5.27394e-05,-1.00255e-05,4.3879,-0.525412,13,1,860160,896,832,640
1,1,2104,3,7,-0.114355,0.513476,-0.85045,0,0.72907,0.624881,0.27925,0,0.674818,-0.588104,-0.445818,0,-1.22957,0.0124498,0.363314,1,1000015732001833900,6.14597,0.01,6295,1,1,1,0.64112,0.235227,0.123654,0.193153,0.651026,0.155823,0.0942861,0.256904,0.648825,1.75667,-0.555222,-0.201446,-0.508254,1.85749,-0.349234,-0.0540321,-0.654794,1.7088,0.78,1,1000015732001833900,0.9999,-0.00260894,-0.013909,0,0.00261115,0.999997,0.000141284,0,0.0139086,-0.000177588,0.999903,0,-0.0632734,0.000165093,0.000880157,1,2,0.502583,0.487419,0.875166,0.875166,5.20662,0.24839,-0.0876499,8.36841,-5.27394e-05,-1.00255e-05,4.3879,-0.525412,13,1,860160,896,832,640
1,1,2105,3,7,-0.114398,0.513498,-0.850431,0,0.729071,0.624885,0.279239,0,0.67481,-0.58808,-0.445862,0,-1.22957,0.0124498,0.363314,1,1000015732012945300,6.14597,0.01,6295,1,1,1,0.64112,0.235227,0.123654,0.193153,0.651026,0.155823,0.0942861,0.256904,0.648825,1.75667,-0.555222,-0.201446,-0.508254,1.85749,-0.349234,-0.0540321,-0.654794,1.7088,0.78,1,1000015732012945300,0.9999,-0.00260894,-0.013909,0,0.00261115,0.999997,0.000141284,0,0.0139086,-0.000177588,0.999903,0,-0.0632734,0.000165093,0.000880157,1,2,0.502583,0.487419,0.875166,0.875166,5.20662,0.24839,-0.0876499,8.36841,-5.27394e-05,-1.00255e-05,4.3879,-0.525412,13,1,860160,896,832,640
1,1,2106,3,7,-0.114455,0.513546,-0.850394,0,0.729097,0.624863,0.27922,0,0.674772,-0.588062,-0.445943,0,-1.22957,0.0124498,0.363314,1,1000015732024056600,6.14597,0.01,6295,1,1,1,0.64112,0.235227,0.123654,0.193153,0.651026,0.155823,0.0942861,0.256904,0.648825,1.75667,-0.555222,-0.201446,-0.508254,1.85749,-0.349234,-0.0540321,-0.654794,1.7088,0.78,1,1000015732024056600,0.9999,-0.00260894,-0.013909,0,0.00261115,0.999997,0.000141284,0,0.0139086,-0.000177588,0.999903,0,-0.0632734,0.000165093,0.000880157,1,2,0.502583,0.487419,0.875166,0.875166,5.20662,0.24839,-0.0876499,8.36841,-5.27394e-05,-1.00255e-05,4.3879,-0.525412,13,1,860160,896,832,640
1,1,2107,3,7,-0.114482,0.51357,-0.850376,0,0.729118,0.624844,0.279206,0,0.674745,-0.58806,-0.445987,0,-1.22957,0.0124498,0.363314,1,1000015732035167600,6.14597,0.01,6295,1,1,1,0.64112,0.235227,0.123654,0.193153,0.651026,0.155823,0.0942861,0.256904,0.648825,1.75667,-0.555222,-0.201446,-0.508254,1.85749,-0.349234,-0.0540321,-0.654794,1.7088,0.78,1,1000015732035167600,0.9999,-0.00260894,-0.013909,0,0.00261115,0.999997,0.000141284,0,0.0139086,-0.000177588,0.999903,0,-0.0632734,0.000165093,0.000880157,1,2,0.502583,0.487419,0.875166,0.875166,5.20662,0.24839,-0.0876499,8.36841,-5.27394e-05,-1.00255e-05,4.3879,-0.525412,13,1,860160,896,832,640
1,1,2108,3,7,-0.114476,0.513593,-0.850363,0,0.729135,0.62482,0.279216,0,0.674728,-0.588066,-0.446005,0,-1.22957,0.0124498,0.363314,1,1000015732046278700,6.14597,0.01,6295,1,1,1,0.64112,0.235227,0.123654,0.193153,0.651026,0.155823,0.0942861,0.256904,0.648825,1.75667,-0.555222,-0.201446,-0.508254,1.85749,-0.349234,-0.0540321,-0.654794,1.7088,0.78,1,1000015732046278700,0.9999,-0.00260894,-0.013909,0,0.00261115,0.999997,0.000141284,0,0.0139086,-0.000177588,0.999903,0,-0.0632734,0.000165093,0.000880157,1,2,0.502583,0.487419,0.875166,0.875166,5.20662,0.24839,-0.0876499,8.36841,-5.27394e-05,-1.00255e-05,4.3879,-0.525412,13,1,860160,896,832,640
1,1,2109,3,7,-0.114477,0.513615,-0.85035,0,0.729143,0.624807,0.279227,0,0.674719,-0.588061,-0.446025,0,-1.22957,0.0124498,0.363314,1,1000015732057390100,6.14597,0.01,6295,1,1,1,0.64112,0.235227,0.123654,0.193153,0.651026,0.155823,0.0942861,0.256904,0.648825,1.75667,-0.555222,-0.201446,-0.508254,1.85749,-0.349234,-0.0540321,-0.654794,1.7088,0.78,1,1000015732057390100,0.9999,-0.00260894,-0.013909,0,0.00261115,0.999997,0.000141284,0,0.0139086,-0.000177588,0.999903,0,-0.0632734,0.000165093,0.000880157,1,2,0.502583,0.487419,0.875166,0.875166,5.20662,0.24839,-0.0876499,8.36841,-5.27394e-05,-1.00255e-05,4.3879,-0.525412,13,1,860160,896,832,640
1,1,2110,3,7,-0.114468,0.513631,-0.850341,0,0.729167,0.624778,0.279228,0,0.674694,-0.588078,-0.44604,0,-1.22957,0.0124498,0.363314,1,1000015732068501300,6.14597,0.01,6295,1,1,1,0.64112,0.235227,0.123654,0.193153,0.651026,0.155823,0.0942861,0.256904,0.648825,1.75667,-0.555222,-0.201446,-0.508254,1.85749,-0.349234,-0.0540321,-0.654794,1.7088,0.78,1,1000015732068501300,0.9999,-0.00260894,-0.013909,0,0.00261115,0.999997,0.000141284,0,0.0139086,-0.000177588,0.999903,0,-0.0632734,0.000165093,0.000880157,1,2,0.502583,0.487419,0.875166,0.875166,5.20662,0.24839,-0.0876499,8.36841,-5.27394e-05,-1.00255e-05,4.3879,-0.525412,13,1,860160,896,832,640
1,1,2111,3,7,-0.114488,0.513666,-0.850317,0,0.729183,0.624758,0.279231,0,0.674674,-0.588068,-0.446084,0,-1.22957,0.0124498,0.363314,1,1000015732079612400,6.14597,0.01,6295,1,1,1,0.64112,0.235227,0.123654,0.193153,0.651026,0.155823,0.0942861,0.256904,0.648825,1.75667,-0.555222,-0.201446,-0.508254,1.85749,-0.349234,-0.0540321,-0.654794,1.7088,0.78,1,1000015732079612400,0.9999,-0.00260894,-0.013909,0,0.00261115,0.999997,0.000141284,0,0.0139086,-0.000177588,0.999903,0,-0.0632734,0.000165093,0.000880157,1,2,0.502583,0.487419,0.875166,0.875166,5.20662,0.24839,-0.0876499,8.36841,-5.27394e-05,-1.00255e-05,4.3879,-0.525412,13,1,860160,896,832,640
1,1,2112,3,7,-0.114458,0.513652,-0.85033,0,0.729202,0.624738,0.279227,0,0.674659,-0.588102,-0.446062,0,-1.22957,0.0124498,0.363314,1,1000015732090723500,6.14597,0.01,6295,1,1,1,0.64112,0.235227,0.123654,0.193153,0.651026,0.155823,0.0942861,0.256904,0.648825,1.75667,-0.555222,-0.201446,-0.508254,1.85749,-0.349234,-0.0540321,-0.654794,1.7088,0.78,1,1000015732090723500,0.9999,-0.00260894,-0.013909,0,0.00261115,0.999997,0.000141284,0,0.0139086,-0.000177588,0.999903,0,-0.0632734,0.000165093,0.000880157,1,2,0.502583,0.487419,0.875166,0.875166,5.20662,0.24839,-0.0876499,8.36841,-5.27394e-05,-1.00255e-05,4.3879,-0.525412,13,1,860160,896,832,640
1,1,2113,3,7,-0.114507,0.513696,-0.850297,0,0.729189,0.624748,0.279236,0,0.674664,-0.588052,-0.44612,0,-1.22957,0.0124498,0.363314,1,1000015732101835000,6.14597,0.01,6295,1,1,1,0.64112,0.235227,0.123654,0.193153,0.651026,0.155823,0.0942861,0.256904,0.648825,1.75667,-0.555222,-0.201446,-0.508254,1.85749,-0.349234,-0.0540321,-0.654794,1.7088,0.78,1,1000015732101835000,0.9999,-0.00260894,-0.013909,0,0.00261115,0.999997,0.000141284,0,0.0139086,-0.000177588,0.999903,0,-0.0632734,0.000165093,0.000880157,1,2,0.502583,0.487419,0.875166,0.875166,5.20662,0.24839,-0.0876499,8.36841,-5.27394e-05,-1.00255e-05,4.3879,-0.525412,13,1,860160,896,832,640
1,1,2114,3,7,-0.114574,0.513725,-0.85027,0,0.729184,0.624763,0.279219,0,0.674659,-0.588012,-0.446181,0,-1.22957,0.0124498,0.363314,1,1000015732112946100,6.14597,0.01,6295,1,1,1,0.64112,0.235227,0.123654,0.193153,0.651026,0.155823,0.0942861,0.256904,0.648825,1.75667,-0.555222,-0.201446,-0.508254,1.85749,-0.349234,-0.0540321,-0.654794,1.7088,0.78,1,1000015732112946100,0.9999,-0.00260894,-0.013909,0,0.00261115,0.999997,0.000141284,0,0.0139086,-0.000177588,0.999903,0,-0.0632734,0.000165093,0.000880157,1,2,0.502583,0.487419,0.875166,0.875166,5.20662,0.24839,-0.0876499,8.36841,-5.27394e-05,-1.00255e-05,4.3879,-0.525412,13,1,860160,896,832,640
1,1,2115,3,7,-0.114572,0.513716,-0.850276,0,0.729164,0.624782,0.279226,0,0.67468,-0.587999,-0.446166,0,-1.22957,0.0124498,0.363314,1,1000015732124057200,6.14597,0.01,6295,1,1,1,0.64112,0.235227,0.123654,0.193153,0.651026,0.155823,0.0942861,0.256904,0.648825,1.75667,-0.555222,-0.201446,-0.508254,1.85749,-0.349234,-0.0540321,-0.654794,1.7088,0.78,1,1000015732124057200,0.9999,-0.00260894,-0.013909,0,0.00261115,0.999997,0.000141284,0,0.0139086,-0.000177588,0.999903,0,-0.0632734,0.000165093,0.000880157,1,2,0.502583,0.487419,0.875166,0.875166,5.20662,0.24839,-0.0876499,8.36841,-5.27394e-05,-1.00255e-05,4.3879,-0.525412,13,1,860160,896,832,640
1,1,2116,3,7,-0.114587,0.513749,-0.850254,0,0.72919,0.624753,0.279223,0,0.674649,-0.588001,-0.44621,0,-1.22957,0.0124498,0.363314,1,1000015732135168300,6.14597,0.01,6295,1,1,1,0.64112,0.235227,0.123654,0.193153,0.651026,0.155823,0.0942861,0.256904,0.648825,1.75667,-0.555222,-0.201446,-0.508254,1.85749,-0.349234,-0.0540321,-0.654794,1.7088,0.78,1,1000015732135168300,0.9999,-0.00260894,-0.013909,0,0.00261115,0.999997,0.000141284,0,0.0139086,-0.000177588,0.999903,0,-0.0632734,0.000165093,0.000880157,1,2,0.502583,0.487419,0.875166,0.875166,5.20662,0.24839,-0.0876499,8.36841,-5.27394e-05,-1.00255e-05,4.3879,-0.525412,13,1,860160,896,832,640
1,1,2117,3,7,-0.114575,0.513769,-0.850244,0,0.729179,0.624752,0.279253,0,0.674663,-0.587985,-0.446211,0,-1.22957,0.0124498,0.363314,1,1000015732146279700,6.14597,0.01,6295,1,1,1,0.64112,0.235227,0.123654,0.193153,0.651026,0.155823,0.0942861,0.256904,0.648825,1.75667,-0.555222,-0.201446,-0.508254,1.85749,-0.349234,-0.0540321,-0.654794,1.7088,0.78,1,1000015732146279700,0.9999,-0.00260894,-0.013909,0,0.00261115,0.999997,0.000141284,0,0.0139086,-0.000177588,0.999903,0,-0.0632734,0.000165093,0.000880157,1,2,0.502583,0.487419,0.875166,0.875166,5.20662,0.24839,-0.0876499,8.36841,-5.27394e-05,-1.00255e-05,4.3879,-0.525412,13,1,860160,896,832,640
1,1,2118,3,7,-0.114593,0.513828,-0.850206,0,0.72918,0.624737,0.279283,0,0.674659,-0.587949,-0.446264,0,-1.22957,0.0124498,0.363314,1,1000015732157576600,6.14597,0.01,6295,1,1,1,0.64112,0.235227,0.123654,0.193153,0.651026,0.155823,0.0942861,0.256904,0.648825,1.75667,-0.555222,-0.201446,-0.508254,1.85749,-0.349234,-0.0540321,-0.654794,1.7088,0.78,1,1000015732157576600,0.9999,-0.00260894,-0.013909,0,0.00261115,0.999997,0.000141284,0,0.0139086,-0.000177588,0.999903,0,-0.0632734,0.000165093,0.000880157,1,2,0.502583,0.487419,0.875166,0.875166,5.20662,0.24839,-0.0876499,8.36841,-5.27394e-05,-1.00255e-05,4.3879,-0.525412,13,1,860160,896,832,640
1,1,2119,3,7,-0.114555,0.513831,-0.850209,0,0.72916,0.624744,0.279323,0,0.674688,-0.58794,-0.446232,0,-1.22957,0.0124498,0.363314,1,1000015732168525700,6.14597,0.01,6295,1,1,1,0.64112,0.235227,0.123654,0.193153,0.651026,0.155823,0.0942861,0.256904,0.648825,1.75667,-0.555222,-0.201446,-0.508254,1.85749,-0.349234,-0.0540321,-0.654794,1.7088,0.78,1,1000015732168525700,0.9999,-0.00260894,-0.013909,0,0.00261115,0.999997,0.000141284,0,0.0139086,-0.000177588,0.999903,0,-0.0632734,0.000165093,0.000880157,1,2,0.502583,0.487419,0.875166,0.875166,5.20662,0.24839,-0.0876499,8.36841,-5.27394e-05,-1.00255e-05,4.3879,-0.525412,13,1,860160,896,832,640
1,1,2120,3,7,-0.114588,0.513861,-0.850186,0,0.729156,0.624746,0.279327,0,0.674686,-0.587911,-0.446273,0,-1.22957,0.0124498,0.363314,1,1000015732179623900,6.14597,0.01,6295,1,1,1,0.64112,0.235227,0.123654,0.193153,0.651026,0.155823,0.0942861,0.256904,0.648825,1.75667,-0.555222,-0.201446,-0.508254,1.85749,-0.349234,-0.0540321,-0.654794,1.7088,0.78,1,1000015732179623900,0.9999,-0.00260894,-0.013909,0,0.00261115,0.999997,0.000141284,0,0.0139086,-0.000177588,0.999903,0,-0.0632734,0.000165093,0.000880157,1,2,0.502583,0.487419,0.875166,0.875166,5.20662,0.24839,-0.0876499,8.36841,-5.27394e-05,-1.00255e-05,4.3879,-0.525412,13,1,860160,896,832,640
1,1,2121,3,7,-0.114582,0.513836,-0.850202,0,0.729115,0.624788,0.27934,0,0.674731,-0.587888,-0.446235,0,-1.22957,0.0124498,0.363314,1,1000015732190728200,6.14597,0.01,6295,1,1,1,0.64112,0.235227,0.123654,0.193153,0.651026,0.155823,0.0942861,0.256904,0.648825,1.75667,-0.555222,-0.201446,-0.508254,1.85749,-0.349234,-0.0540321,-0.654794,1.7088,0.78,1,1000015732190728200,0.9999,-0.00260894,-0.013909,0,0.00261115,0.999997,0.000141284,0,0.0139086,-0.000177588,0.999903,0,-0.0632734,0.000165093,0.000880157,1,2,0.502583,0.487419,0.875166,0.875166,5.20662,0.24839,-0.0876499,8.36841,-5.27394e-05,-1.00255e-05,4.3879,-0.525412,13,1,860160,896,832,640
1,1,2122,3,7,-0.114624,0.513859,-0.850183,0,0.729117,0.624791,0.279328,0,0.674722,-0.587865,-0.446279,0,-1.22957,0.0124498,0.363314,1,1000015732201839300,6.14597,0.01,6295,1,1,1,0.64112,0.235227,0.123654,0.193153,0.651026,0.155823,0.0942861,0.256904,0.648825,1.75667,-0.555222,-0.201446,-0.508254,1.85749,-0.349234,-0.0540321,-0.654794,1.7088,0.78,1,1000015732201839300,0.9999,-0.00260894,-0.013909,0,0.00261115,0.999997,0.000141284,0,0.0139086,-0.000177588,0.999903,0,-0.0632734,0.000165093,0.000880157,1,2,0.502583,0.487419,0.875166,0.875166,5.20662,0.24839,-0.0876499,8.36841,-5.27394e-05,-1.00255e-05,4.3879,-0.525412,13,1,860160,896,832,640
1,1,2123,3,7,-0.114625,0.513851,-0.850187,0,0.729101,0.624808,0.279332,0,0.674739,-0.587854,-0.446268,0,-1.22957,0.0124498,0.363314,1,1000015732212950600,6.14597,0.01,6295,1,1,1,0.64112,0.235227,0.123654,0.193153,0.651026,0.155823,0.0942861,0.256904,0.648825,1.75667,-0.555222,-0.201446,-0.508254,1.85749,-0.349234,-0.0540321,-0.654794,1.7088,0.78,1,1000015732212950600,0.9999,-0.00260894,-0.013909,0,0.00261115,0.999997,0.000141284,0,0.0139086,-0.000177588,0.999903,0,-0.0632734,0.000165093,0.000880157,1,2,0.502583,0.487419,0.875166,0.875166,5.20662,0.24839,-0.0876499,8.36841,-5.27394e-05,-1.00255e-05,4.3879,-0.525412,13,1,860160,896,832,640
1,1,2124,3,7,-0.114625,0.51387,-0.850176,0,0.729093,0.624809,0.279352,0,0.674748,-0.587836,-0.446278,0,-1.22957,0.0124498,0.363314,1,1000015732224061200,6.14597,0.01,6295,1,1,1,0.64112,0.235227,0.123654,0.193153,0.651026,0.155823,0.0942861,0.256904,0.648825,1.75667,-0.555222,-0.201446,-0.508254,1.85749,-0.349234,-0.0540321,-0.654794,1.7088,0.78,1,1000015732224061200,0.9999,-0.00260894,-0.013909,0,0.00261115,0.999997,0.000141284,0,0.0139086,-0.000177588,0.999903,0,-0.0632734,0.000165093,0.000880157,1,2,0.502583,0.487419,0.875166,0.875166,5.20662,0.24839,-0.0876499,8.36841,-5.27394e-05,-1.00255e-05,4.3879,-0.525412,13,1,860160,896,832,640
1,1,2125,3,7,-0.114573,0.513853,-0.850193,0,0.729063,0.624825,0.279392,0,0.674789,-0.587834,-0.446219,0,-1.22957,0.0124498,0.363314,1,1000015732235172300,6.14597,0.01,6295,1,1,1,0.64112,0.235227,0.123654,0.193153,0.651026,0.155823,0.0942861,0.256904,0.648825,1.75667,-0.555222,-0.201446,-0.508254,1.85749,-0.349234,-0.0540321,-0.654794,1.7088,0.78,1,1000015732235172300,0.9999,-0.00260894,-0.013909,0,0.00261115,0.999997,0.000141284,0,0.0139086,-0.000177588,0.999903,0,-0.0632734,0.000165093,0.000880157,1,2,0.502583,0.487419,0.875166,0.875166,5.20662,0.24839,-0.0876499,8.36841,-5.27394e-05,-1.00255e-05,4.3879,-0.525412,13,1,860160,896,832,640
1,1,2126,3,7,-0.114593,0.513883,-0.850172,0,0.729072,0.624813,0.279396,0,0.674776,-0.58782,-0.446257,0,-1.22957,0.0124498,0.363314,1,1000015732246283600,6.14597,0.01,6295,1,1,1,0.64112,0.235227,0.123654,0.193153,0.651026,0.155823,0.0942861,0.256904,0.648825,1.75667,-0.555222,-0.201446,-0.508254,1.85749,-0.349234,-0.0540321,-0.654794,1.7088,0.78,1,1000015732246283600,0.9999,-0.00260894,-0.013909,0,0.00261115,0.999997,0.000141284,0,0.0139086,-0.000177588,0.999903,0,-0.0632734,0.000165093,0.000880157,1,2,0.502583,0.487419,0.875166,0.875166,5.20662,0.24839,-0.0876499,8.36841,-5.27394e-05,-1.00255e-05,4.3879,-0.525412,13,1,860160,896,832,640
1,1,2127,3,7,-0.114543,0.513857,-0.850194,0,0.729056,0.624822,0.27942,0,0.674802,-0.587834,-0.4462,0,-1.22957,0.0124498,0.363314,1,1000015732257394700,6.14597,0.01,6295,1,1,1,0.64112,0.235227,0.123654,0.193153,0.651026,0.155823,0.0942861,0.256904,0.648825,1.75667,-0.555222,-0.201446,-0.508254,1.85749,-0.349234,-0.0540321,-0.654794,1.7088,0.78,1,1000015732257394700,0.9999,-0.00260894,-0.013909,0,0.00261115,0.999997,0.000141284,0,0.0139086,-0.000177588,0.999903,0,-0.0632734,0.000165093,0.000880157,1,2,0.502583,0.487419,0.875166,0.875166,5.20662,0.24839,-0.0876499,8.36841,-5.27394e-05,-1.00255e-05,4.3879,-0.525412,13,1,860160,896,832,640
1,1,2128,3,7,-0.114532,0.51383,-0.850213,0,0.729052,0.624831,0.279409,0,0.674808,-0.587848,-0.446172,0,-1.22957,0.0124498,0.363314,1,1000015732268505500,6.14597,0.01,6295,1,1,1,0.64112,0.235227,0.123654,0.193153,0.651026,0.155823,0.0942861,0.256904,0.648825,1.75667,-0.555222,-0.201446,-0.508254,1.85749,-0.349234,-0.0540321,-0.654794,1.7088,0.78,1,1000015732268505500,0.9999,-0.00260894,-0.013909,0,0.00261115,0.999997,0.000141284,0,0.0139086,-0.000177588,0.999903,0,-0.0632734,0.000165093,0.000880157,1,2,0.502583,0.487419,0.875166,0.875166,5.20662,0.24839,-0.0876499,8.36841,-5.27394e-05,-1.00255e-05,4.3879,-0.525412,13,1,860160,896,832,640
1,1,2129,3,7,-0.114504,0.513801,-0.850233,0,0.729021,0.624859,0.279426,0,0.674846,-0.587843,-0.446121,0,-1.22957,0.0124498,0.363314,1,1000015732279617100,6.14597,0.01,6295,1,1,1,0.64112,0.235227,0.123654,0.193153,0.651026,0.155823,0.0942861,0.256904,0.648825,1.75667,-0.555222,-0.201446,-0.508254,1.85749,-0.349234,-0.0540321,-0.654794,1.7088,0.78,1,1000015732279617100,0.9999,-0.00260894,-0.013909,0,0.00261115,0.999997,0.000141284,0,0.0139086,-0.000177588,0.999903,0,-0.0632734,0.000165093,0.000880157,1,2,0.502583,0.487419,0.875166,0.875166,5.20662,0.24839,-0.0876499,8.36841,-5.27394e-05,-1.00255e-05,4.3879,-0.525412,13,1,860160,896,832,640
1,1,2130,3,7,-0.114486,0.513794,-0.85024,0,0.729009,0.624867,0.27944,0,0.674862,-0.587841,-0.446099,0,-1.22957,0.0124498,0.363314,1,1000015732290727600,6.14597,0.01,6295,1,1,1,0.64112,0.235227,0.123654,0.193153,0.651026,0.155823,0.0942861,0.256904,0.648825,1.75667,-0.555222,-0.201446,-0.508254,1.85749,-0.349234,-0.0540321,-0.654794,1.7088,0.78,1,1000015732290727600,0.9999,-0.00260894,-0.013909,0,0.00261115,0.999997,0.000141284,0,0.0139086,-0.000177588,0.999903,0,-0.0632734,0.000165093,0.000880157,1,2,0.502583,0.487419,0.875166,0.875166,5.20662,0.24839,-0.0876499,8.36841,-5.27394e-05,-1.00255e-05,4.3879,-0.525412,13,1,860160,896,832,640
1,1,2131,3,7,-0.114451,0.513785,-0.85025,0,0.728992,0.624875,0.279467,0,0.674886,-0.58784,-0.446063,0,-1.22957,0.0124498,0.363314,1,1000015732301838800,6.14597,0.01,6295,1,1,1,0.64112,0.235227,0.123654,0.193153,0.651026,0.155823,0.0942861,0.256904,0.648825,1.75667,-0.555222,-0.201446,-0.508254,1.85749,-0.349234,-0.0540321,-0.654794,1.7088,0.78,1,1000015732301838800,0.9999,-0.00260894,-0.013909,0,0.00261115,0.999997,0.000141284,0,0.0139086,-0.000177588,0.999903,0,-0.0632734,0.000165093,0.000880157,1,2,0.502583,0.487419,0.875166,0.875166,5.20662,0.24839,-0.0876499,8.36841,-5.27394e-05,-1.00255e-05,4.3879,-0.525412,13,1,860160,896,832,640
1,1,2132,3,7,-0.114444,0.51379,-0.850248,0,0.729006,0.624859,0.279467,0,0.674873,-0.587853,-0.446067,0,-1.22957,0.0124498,0.363314,1,1000015732312949900,6.14597,0.01,6295,1,1,1,0.64112,0.235227,0.123654,0.193153,0.651026,0.155823,0.0942861,0.256904,0.648825,1.75667,-0.555222,-0.201446,-0.508254,1.85749,-0.349234,-0.0540321,-0.654794,1.7088,0.78,1,1000015732312949900,0.9999,-0.00260894,-0.013909,0,0.00261115,0.999997,0.000141284,0,0.0139086,-0.000177588,0.999903,0,-0.0632734,0.000165093,0.000880157,1,2,0.502583,0.487419,0.875166,0.875166,5.20662,0.24839,-0.0876499,8.36841,-5.27394e-05,-1.00255e-05,4.3879,-0.525412,13,1,860160,896,832,640
1,1,2133,3,7,-0.114397,0.513774,-0.850264,0,0.728995,0.624861,0.279493,0,0.674893,-0.587865,-0.446021,0,-1.22957,0.0124498,0.363314,1,1000015732324061100,6.14597,0.01,6295,1,1,1,0.64112,0.235227,0.123654,0.193153,0.651026,0.155823,0.0942861,0.256904,0.648825,1.75667,-0.555222,-0.201446,-0.508254,1.85749,-0.349234,-0.0540321,-0.654794,1.7088,0.78,1,1000015732324061100,0.9999,-0.00260894,-0.013909,0,0.00261115,0.999997,0.000141284,0,0.0139086,-0.000177588,0.999903,0,-0.0632734,0.000165093,0.000880157,1,2,0.502583,0.487419,0.875166,0.875166,5.20662,0.24839,-0.0876499,8.36841,-5.27394e-05,-1.00255e-05,4.3879,-0.525412,13,1,860160,896,832,640
1,1,2134,3,7,-0.114374,0.513773,-0.850268,0,0.728998,0.624852,0.279504,0,0.674893,-0.587876,-0.446006,0,-1.22957,0.0124498,0.363314,1,1000015732335172100,6.14597,0.01,6295,1,1,1,0.64112,0.235227,0.123654,0.193153,0.651026,0.155823,0.0942861,0.256904,0.648825,1.75667,-0.555222,-0.201446,-0.508254,1.85749,-0.349234,-0.0540321,-0.654794,1.7088,0.78,1,1000015732335172100,0.9999,-0.00260894,-0.013909,0,0.00261115,0.999997,0.000141284,0,0.0139086,-0.000177588,0.999903,0,-0.0632734,0.000165093,0.000880157,1,2,0.502583,0.487419,0.875166,0.875166,5.20662,0.24839,-0.0876499,8.36841,-5.27394e-05,-1.00255e-05,4.3879,-0.525412,13,1,860160,896,832,640
1,1,2135,3,7,-0.114346,0.513751,-0.850285,0,0.728998,0.624851,0.279506,0,0.674898,-0.587895,-0.445973,0,-1.22957,0.0124498,0.363314,1,1000015732346283200,6.14597,0.01,6295,1,1,1,0.64112,0.235227,0.123654,0.193153,0.651026,0.155823,0.0942861,0.256904,0.648825,1.75667,-0.555222,-0.201446,-0.508254,1.85749,-0.349234,-0.0540321,-0.654794,1.7088,0.78,1,1000015732346283200,0.9999,-0.00260894,-0.013909,0,0.00261115,0.999997,0.000141284,0,0.0139086,-0.000177588,0.999903,0,-0.0632734,0.000165093,0.000880157,1,2,0.502583,0.487419,0.875166,0.875166,5.20662,0.24839,-0.0876499,8.36841,-5.27394e-05,-1.00255e-05,4.3879,-0.525412,13,1,860160,896,832,640
1,1,2136,3,7,-0.114366,0.513728,-0.850296,0,0.729006,0.624857,0.27947,0,0.674885,-0.587909,-0.445974,0,-1.22957,0.0124498,0.363314,1,1000015732357394200,6.14597,0.01,6295,1,1,1,0.64112,0.235227,0.123654,0.193153,0.651026,0.155823,0.0942861,0.256904,0.648825,1.75667,-0.555222,-0.201446,-0.508254,1.85749,-0.349234,-0.0540321,-0.654794,1.7088,0.78,1,1000015732357394200,0.9999,-0.00260894,-0.013909,0,0.00261115,0.999997,0.000141284,0,0.0139086,-0.000177588,0.999903,0,-0.0632734,0.000165093,0.000880157,1,2,0.502583,0.487419,0.875166,0.875166,5.20662,0.24839,-0.0876499,8.36841,-5.27394e-05,-1.00255e-05,4.3879,-0.525412,13,1,860160,896,832,640
1,1,2137,3,7,-0.114331,0.513661,-0.850342,0,0.728994,0.624879,0.279451,0,0.674904,-0.587944,-0.445899,0,-1.22957,0.0124498,0.363314,1,1000015732368505500,6.14597,0.01,6295,1,1,1,0.64112,0.235227,0.123654,0.193153,0.651026,0.155823,0.0942861,0.256904,0.648825,1.75667,-0.555222,-0.201446,-0.508254,1.85749,-0.349234,-0.0540321,-0.654794,1.7088,0.78,1,1000015732368505500,0.9999,-0.00260894,-0.013909,0,0.00261115,0.999997,0.000141284,0,0.0139086,-0.000177588,0.999903,0,-0.0632734,0.000165093,0.000880157,1,2,0.502583,0.487419,0.875166,0.875166,5.20662,0.24839,-0.0876499,8.36841,-5.27394e-05,-1.00255e-05,4.3879,-0.525412,13,1,860160,896,832,640
1,1,2138,3,7,-0.11438,0.513689,-0.850318,0,0.729012,0.624869,0.279429,0,0.674877,-0.587931,-0.445958,0,-1.22957,0.0124498,0.363314,1,1000015732379616500,6.14597,0.01,6295,1,1,1,0.64112,0.235227,0.123654,0.193153,0.651026,0.155823,0.0942861,0.256904,0.648825,1.75667,-0.555222,-0.201446,-0.508254,1.85749,-0.349234,-0.0540321,-0.654794,1.7088,0.78,1,1000015732379616500,0.9999,-0.00260894,-0.013909,0,0.00261115,0.999997,0.000141284,0,0.0139086,-0.000177588,0.999903,0,-0.0632734,0.000165093,0.000880157,1,2,0.502583,0.487419,0.875166,0.875166,5.20662,0.24839,-0.0876499,8.36841,-5.27394e-05,-1.00255e-05,4.3879,-0.525412,13,1,860160,896,832,640
1,1,2139,3,7,-0.11433,0.513694,-0.850322,0,0.729026,0.624841,0.279456,0,0.674871,-0.587956,-0.445934,0,-1.22957,0.0124498,0.363314,1,1000015732390726100,6.14597,0.01,6295,1,1,1,0.64112,0.235227,0.123654,0.193153,0.651026,0.155823,0.0942861,0.256904,0.648825,1.75667,-0.555222,-0.201446,-0.508254,1.85749,-0.349234,-0.0540321,-0.654794,1.7088,0.78,1,1000015732390726100,0.9999,-0.00260894,-0.013909,0,0.00261115,0.999997,0.000141284,0,0.0139086,-0.000177588,0.999903,0,-0.0632734,0.000165093,0.000880157,1,2,0.502583,0.487419,0.875166,0.875166,5.20662,0.24839,-0.0876499,8.36841,-5.27394e-05,-1.00255e-05,4.3879,-0.525412,13,1,860160,896,832,640
1,1,2140,3,7,-0.114326,0.513737,-0.850296,0,0.729048,0.624806,0.279475,0,0.674847,-0.587956,-0.445971,0,-1.22957,0.0124498,0.363314,1,1000015732401837100,6.14597,0.01,6295,1,1,1,0.64112,0.235227,0.123654,0.193153,0.651026,0.155823,0.0942861,0.256904,0.648825,1.75667,-0.555222,-0.201446,-0.508254,1.85749,-0.349234,-0.0540321,-0.654794,1.7088,0.78,1,1000015732401837100,0.9999,-0.00260894,-0.013909,0,0.00261115,0.999997,0.000141284,0,0.0139086,-0.000177588,0.999903,0,-0.0632734,0.000165093,0.000880157,1,2,0.502583,0.487419,0.875166,0.875166,5.20662,0.24839,-0.0876499,8.36841,-5.27394e-05,-1.00255e-05,4.3879,-0.525412,13,1,860160,896,832,640
1,1,2141,3,7,-0.11431,0.513764,-0.850282,0,0.72905,0.624791,0.279504,0,0.674848,-0.587948,-0.44598,0,-1.22957,0.0124498,0.363314,1,1000015732412948100,6.14597,0.01,6295,1,1,1,0.64112,0.235227,0.123654,0.193153,0.651026,0.155823,0.0942861,0.256904,0.648825,1.75667,-0.555222,-0.201446,-0.508254,1.85749,-0.349234,-0.0540321,-0.654794,1.7088,0.78,1,1000015732412948100,0.9999,-0.00260894,-0.013909,0,0.00261115,0.999997,0.000141284,0,0.0139086,-0.000177588,0.999903,0,-0.0632734,0.000165093,0.000880157,1,2,0.502583,0.487419,0.875166,0.875166,5.20662,0.24839,-0.0876499,8.36841,-5.27394e-05,-1.00255e-05,4.3879,-0.525412,13,1,860160,896,832,640
1,1,2142,3,7,-0.114311,0.513778,-0.850273,0,0.729058,0.624779,0.279509,0,0.674838,-0.587948,-0.445993,0,-1.22957,0.0124498,0.363314,1,1000015732424059300,6.14597,0.01,6295,1,1,1,0.64112,0.235227,0.123654,0.193153,0.651026,0.155823,0.0942861,0.256904,0.648825,1.75667,-0.555222,-0.201446,-0.508254,1.85749,-0.349234,-0.0540321,-0.654794,1.7088,0.78,1,1000015732424059300,0.9999,-0.00260894,-0.013909,0,0.00261115,0.999997,0.000141284,0,0.0139086,-0.000177588,0.999903,0,-0.0632734,0.000165093,0.000880157,1,2,0.502583,0.487419,0.875166,0.875166,5.20662,0.24839,-0.0876499,8.36841,-5.27394e-05,-1.00255e-05,4.3879,-0.525412,13,1,860160,896,832,640
1,1,2143,3,7,-0.114305,0.513746,-0.850293,0,0.729081,0.624768,0.279474,0,0.674815,-0.587988,-0.445977,0,-1.22957,0.0124498,0.363314,1,1000015732435167800,6.14597,0.01,6295,1,1,1,0.64112,0.235227,0.123654,0.193153,0.651026,0.155823,0.0942861,0.256904,0.648825,1.75667,-0.555222,-0.201446,-0.508254,1.85749,-0.349234,-0.0540321,-0.654794,1.7088,0.78,1,1000015732435167800,0.9999,-0.00260894,-0.013909,0,0.00261115,0.999997,0.000141284,0,0.0139086,-0.000177588,0.999903,0,-0.0632734,0.000165093,0.000880157,1,2,0.502583,0.487419,0.875166,0.875166,5.20662,0.24839,-0.0876499,8.36841,-5.27394e-05,-1.00255e-05,4.3879,-0.525412,13,1,860160,896,832,640
1,1,2144,3,7,-0.114341,0.513751,-0.850286,0,0.72909,0.624769,0.279448,0,0.674799,-0.587982,-0.446008,0,-1.22957,0.0124498,0.363314,1,1000015732446278700,6.14597,0.01,6295,1,1,1,0.64112,0.235227,0.123654,0.193153,0.651026,0.155823,0.0942861,0.256904,0.648825,1.75667,-0.555222,-0.201446,-0.508254,1.85749,-0.349234,-0.0540321,-0.654794,1.7088,0.78,1,1000015732446278700,0.9999,-0.00260894,-0.013909,0,0.00261115,0.999997,0.000141284,0,0.0139086,-0.000177588,0.999903,0,-0.0632734,0.000165093,0.000880157,1,2,0.502583,0.487419,0.875166,0.875166,5.20662,0.24839,-0.0876499,8.36841,-5.27394e-05,-1.00255e-05,4.3879,-0.525412,13,1,860160,896,832,640
