streamFrame.type,streamframe.id,streamFrame.frameNumber,streamFrame.channels,streamFrame.dataFlags,streamFrame.hmdPose.value[0],streamFrame.hmdPose.value[1],streamFrame.hmdPose.value[2],streamFrame.hmdPose.value[3],streamFrame.hmdPose.value[4],streamFrame.hmdPose.value[5],streamFrame.hmdPose.value[6],streamFrame.hmdPose.value[7],streamFrame.hmdPose.value[8],streamFrame.hmdPose.value[9],streamFrame.hmdPose.value[10],streamFrame.hmdPose.value[11],streamFrame.hmdPose.value[12],streamFrame.hmdPose.value[13],streamFrame.hmdPose.value[14],streamFrame.hmdPose.value[15],streamFrame.metadata.distortedColor.timestamp,streamFrame.metadata.distortedColor.ev,streamFrame.metadata.distortedColor.exposuretime,streamFrame.metadata.distortedColor.whiteBalanceTemperature,streamFrame.metadata.distortedColor.wbNormalizationData.whiteBalanceColorGains[0],streamFrame.metadata.distortedColor.wbNormalizationData.whiteBalanceColorGains[1],streamFrame.metadata.distortedColor.wbNormalizationData.whiteBalanceColorGains[2],streamFrame.metadata.distortedColor.wbNormalizationData.invCCM.value[0],streamFrame.metadata.distortedColor.wbNormalizationData.invCCM.value[1],streamFrame.metadata.distortedColor.wbNormalizationData.invCCM.value[2],streamFrame.metadata.distortedColor.wbNormalizationData.invCCM.value[3],streamFrame.metadata.distortedColor.wbNormalizationData.invCCM.value[4],streamFrame.metadata.distortedColor.wbNormalizationData.invCCM.value[5],streamFrame.metadata.distortedColor.wbNormalizationData.invCCM.value[6],streamFrame.metadata.distortedColor.wbNormalizationData.invCCM.value[7],streamFrame.metadata.distortedColor.wbNormalizationData.invCCM.value[8],streamFrame.metadata.distortedColor.wbNormalizationData.ccm.value[0],streamFrame.metadata.distortedColor.wbNormalizationData.ccm.value[1],streamFrame.metadata.distortedColor.wbNormalizationData.ccm.value[2],streamFrame.metadata.distortedColor.wbNormalizationData.ccm.value[3],streamFrame.metadata.distortedColor.wbNormalizationData.ccm.value[4],streamFrame.metadata.distortedColor.wbNormalizationData.ccm.value[5],streamFrame.metadata.distortedColor.wbNormalizationData.ccm.value[6],streamFrame.metadata.distortedColor.wbNormalizationData.ccm.value[7],streamFrame.metadata.distortedColor.wbNormalizationData.ccm.value[8],streamFrame.metadata.distortedColor.cameraCalibrationConstant,channelIndex,timestamp,extrinsics.value[0],extrinsics.value[1],extrinsics.value[2],extrinsics.value[3],extrinsics.value[4],extrinsics.value[5],extrinsics.value[6],extrinsics.value[7],extrinsics.value[8],extrinsics.value[9],extrinsics.value[10],extrinsics.value[11],extrinsics.value[12],extrinsics.value[13],extrinsics.value[14],extrinsics.value[15],intrinsics.model,intrinsics.principalPointX,intrinsics.principalPointY,intrinsics.focalLengthX,intrinsics.focalLengthY,intrinsics.distortionCoefficients[0],intrinsics.distortionCoefficients[1],intrinsics.distortionCoefficients[2],intrinsics.distortionCoefficients[3],intrinsics.distortionCoefficients[4],intrinsics.distortionCoefficients[5],intrinsics.distortionCoefficients[6],intrinsics.distortionCoefficients[7],bufferMetadata.format,bufferMetadata.type,bufferMetadata.byteSize,bufferMetadata.rowStride,bufferMetadata.width,bufferMetadata.height
1,1,1933,3,7,-0.114028,0.510998,-0.851985,0,0.728671,0.625946,0.277902,0,0.675304,-0.589129,-0.443725,0,-1.22957,0.0124498,0.363314,1,1000015728590684600,6.07985,0.01,6295,1,1,1,0.64112,0.235227,0.123654,0.193153,0.651026,0.155823,0.0942861,0.256904,0.648825,1.75667,-0.555222,-0.201446,-0.508254,1.85749,-0.349234,-0.0540321,-0.654794,1.7088,0.78,1,1000015728590684600,0.9999,-0.00260894,-0.013909,0,0.00261115,0.999997,0.000141284,0,0.0139086,-0.000177588,0.999903,0,-0.0632734,0.000165093,0.000880157,1,2,0.502583,0.487419,0.875166,0.875166,5.20662,0.24839,-0.0876499,8.36841,-5.27394e-05,-1.00255e-05,4.3879,-0.525412,13,1,860160,896,832,640
1,1,1934,3,7,-0.114013,0.511019,-0.851975,0,0.728684,0.625924,0.277919,0,0.675293,-0.589134,-0.443734,0,-1.22957,0.0124498,0.363314,1,1000015728601805500,6.07985,0.01,6295,1,1,1,0.64112,0.235227,0.123654,0.193153,0.651026,0.155823,0.0942861,0.256904,0.648825,1.75667,-0.555222,-0.201446,-0.508254,1.85749,-0.349234,-0.0540321,-0.654794,1.7088,0.78,1,1000015728601805500,0.9999,-0.00260894,-0.013909,0,0.00261115,0.999997,0.000141284,0,0.0139086,-0.000177588,0.999903,0,-0.0632734,0.000165093,0.000880157,1,2,0.502583,0.487419,0.875166,0.875166,5.20662,0.24839,-0.0876499,8.36841,-5.27394e-05,-1.00255e-05,4.3879,-0.525412,13,1,860160,896,832,640
1,1,1935,3,7,-0.114029,0.511028,-0.851967,0,0.728721,0.625894,0.277891,0,0.675251,-0.589159,-0.443766,0,-1.22957,0.0124498,0.363314,1,1000015728612916600,6.07985,0.01,6295,1,1,1,0.64112,0.235227,0.123654,0.193153,0.651026,0.155823,0.0942861,0.256904,0.648825,1.75667,-0.555222,-0.201446,-0.508254,1.85749,-0.349234,-0.0540321,-0.654794,1.7088,0.78,1,1000015728612916600,0.9999,-0.00260894,-0.013909,0,0.00261115,0.999997,0.000141284,0,0.0139086,-0.000177588,0.999903,0,-0.0632734,0.000165093,0.000880157,1,2,0.502583,0.487419,0.875166,0.875166,5.20662,0.24839,-0.0876499,8.36841,-5.27394e-05,-1.00255e-05,4.3879,-0.525412,13,1,860160,896,832,640
1,1,1936,3,7,-0.114087,0.511056,-0.851942,0,0.728726,0.625897,0.277871,0,0.675235,-0.589131,-0.443827,0,-1.22957,0.0124498,0.363314,1,1000015728624027700,6.07985,0.01,6295,1,1,1,0.64112,0.235227,0.123654,0.193153,0.651026,0.155823,0.0942861,0.256904,0.648825,1.75667,-0.555222,-0.201446,-0.508254,1.85749,-0.349234,-0.0540321,-0.654794,1.7088,0.78,1,1000015728624027700,0.9999,-0.00260894,-0.013909,0,0.00261115,0.999997,0.000141284,0,0.0139086,-0.000177588,0.999903,0,-0.0632734,0.000165093,0.000880157,1,2,0.502583,0.487419,0.875166,0.875166,5.20662,0.24839,-0.0876499,8.36841,-5.27394e-05,-1.00255e-05,4.3879,-0.525412,13,1,860160,896,832,640
1,1,1937,3,7,-0.114165,0.511053,-0.851934,0,0.72873,0.625916,0.277816,0,0.675217,-0.589113,-0.443878,0,-1.22957,0.0124498,0.363314,1,1000015728635139000,6.08125,0.01,6295,1,1,1,0.64112,0.235227,0.123654,0.193153,0.651026,0.155823,0.0942861,0.256904,0.648825,1.75667,-0.555222,-0.201446,-0.508254,1.85749,-0.349234,-0.0540321,-0.654794,1.7088,0.78,1,1000015728635139000,0.9999,-0.00260894,-0.013909,0,0.00261115,0.999997,0.000141284,0,0.0139086,-0.000177588,0.999903,0,-0.0632734,0.000165093,0.000880157,1,2,0.502583,0.487419,0.875166,0.875166,5.20662,0.24839,-0.0876499,8.36841,-5.27394e-05,-1.00255e-05,4.3879,-0.525412,13,1,860160,896,832,640
1,1,1938,3,7,-0.114182,0.511026,-0.851948,0,0.728736,0.625925,0.277782,0,0.675209,-0.589127,-0.443872,0,-1.22957,0.0124498,0.363314,1,1000015728646250300,6.08266,0.01,6295,1,1,1,0.64112,0.235227,0.123654,0.193153,0.651026,0.155823,0.0942861,0.256904,0.648825,1.75667,-0.555222,-0.201446,-0.508254,1.85749,-0.349234,-0.0540321,-0.654794,1.7088,0.78,1,1000015728646250300,0.9999,-0.00260894,-0.013909,0,0.00261115,0.999997,0.000141284,0,0.0139086,-0.000177588,0.999903,0,-0.0632734,0.000165093,0.000880157,1,2,0.502583,0.487419,0.875166,0.875166,5.20662,0.24839,-0.0876499,8.36841,-5.27394e-05,-1.00255e-05,4.3879,-0.525412,13,1,860160,896,832,640
1,1,1939,3,7,-0.114209,0.51104,-0.851936,0,0.728759,0.625907,0.277759,0,0.675178,-0.589134,-0.44391,0,-1.22957,0.0124498,0.363314,1,1000015728657361400,6.08405,0.01,6295,1,1,1,0.64112,0.235227,0.123654,0.193153,0.651026,0.155823,0.0942861,0.256904,0.648825,1.75667,-0.555222,-0.201446,-0.508254,1.85749,-0.349234,-0.0540321,-0.654794,1.7088,0.78,1,1000015728657361400,0.9999,-0.00260894,-0.013909,0,0.00261115,0.999997,0.000141284,0,0.0139086,-0.000177588,0.999903,0,-0.0632734,0.000165093,0.000880157,1,2,0.502583,0.487419,0.875166,0.875166,5.20662,0.24839,-0.0876499,8.36841,-5.27394e-05,-1.00255e-05,4.3879,-0.525412,13,1,860160,896,832,640
1,1,1940,3,7,-0.114207,0.511076,-0.851915,0,0.728763,0.625892,0.277784,0,0.675175,-0.589119,-0.443934,0,-1.22957,0.0124498,0.363314,1,1000015728668472500,6.08545,0.01,6295,1,1,1,0.64112,0.235227,0.123654,0.193153,0.651026,0.155823,0.0942861,0.256904,0.648825,1.75667,-0.555222,-0.201446,-0.508254,1.85749,-0.349234,-0.0540321,-0.654794,1.7088,0.78,1,1000015728668472500,0.9999,-0.00260894,-0.013909,0,0.00261115,0.999997,0.000141284,0,0.0139086,-0.000177588,0.999903,0,-0.0632734,0.000165093,0.000880157,1,2,0.502583,0.487419,0.875166,0.875166,5.20662,0.24839,-0.0876499,8.36841,-5.27394e-05,-1.00255e-05,4.3879,-0.525412,13,1,860160,896,832,640
1,1,1941,3,7,-0.114218,0.511132,-0.851879,0,0.728775,0.625866,0.27781,0,0.67516,-0.589097,-0.443986,0,-1.22957,0.0124498,0.363314,1,1000015728679583800,6.08698,0.01,6295,1,1,1,0.64112,0.235227,0.123654,0.193153,0.651026,0.155823,0.0942861,0.256904,0.648825,1.75667,-0.555222,-0.201446,-0.508254,1.85749,-0.349234,-0.0540321,-0.654794,1.7088,0.78,1,1000015728679583800,0.9999,-0.00260894,-0.013909,0,0.00261115,0.999997,0.000141284,0,0.0139086,-0.000177588,0.999903,0,-0.0632734,0.000165093,0.000880157,1,2,0.502583,0.487419,0.875166,0.875166,5.20662,0.24839,-0.0876499,8.36841,-5.27394e-05,-1.00255e-05,4.3879,-0.525412,13,1,860160,896,832,640
1,1,1942,3,7,-0.114224,0.511161,-0.851861,0,0.728767,0.625866,0.277834,0,0.675168,-0.589072,-0.444006,0,-1.22957,0.0124498,0.363314,1,1000015728690695100,6.08858,0.01,6295,1,1,1,0.64112,0.235227,0.123654,0.193153,0.651026,0.155823,0.0942861,0.256904,0.648825,1.75667,-0.555222,-0.201446,-0.508254,1.85749,-0.349234,-0.0540321,-0.654794,1.7088,0.78,1,1000015728690695100,0.9999,-0.00260894,-0.013909,0,0.00261115,0.999997,0.000141284,0,0.0139086,-0.000177588,0.999903,0,-0.0632734,0.000165093,0.000880157,1,2,0.502583,0.487419,0.875166,0.875166,5.20662,0.24839,-0.0876499,8.36841,-5.27394e-05,-1.00255e-05,4.3879,-0.525412,13,1,860160,896,832,640
1,1,1943,3,7,-0.114284,0.511208,-0.851825,0,0.728768,0.625866,0.277828,0,0.675156,-0.589032,-0.444078,0,-1.22957,0.0124498,0.363314,1,1000015728701806200,6.09021,0.01,6295,1,1,1,0.64112,0.235227,0.123654,0.193153,0.651026,0.155823,0.0942861,0.256904,0.648825,1.75667,-0.555222,-0.201446,-0.508254,1.85749,-0.349234,-0.0540321,-0.654794,1.7088,0.78,1,1000015728701806200,0.9999,-0.00260894,-0.013909,0,0.00261115,0.999997,0.000141284,0,0.0139086,-0.000177588,0.999903,0,-0.0632734,0.000165093,0.000880157,1,2,0.502583,0.487419,0.875166,0.875166,5.20662,0.24839,-0.0876499,8.36841,-5.27394e-05,-1.00255e-05,4.3879,-0.525412,13,1,860160,896,832,640
1,1,1944,3,7,-0.114354,0.511244,-0.851794,0,0.728763,0.625879,0.277814,0,0.67515,-0.588987,-0.444147,0,-1.22957,0.0124498,0.363314,1,1000015728712917400,6.09186,0.01,6295,1,1,1,0.64112,0.235227,0.123654,0.193153,0.651026,0.155823,0.0942861,0.256904,0.648825,1.75667,-0.555222,-0.201446,-0.508254,1.85749,-0.349234,-0.0540321,-0.654794,1.7088,0.78,1,1000015728712917400,0.9999,-0.00260894,-0.013909,0,0.00261115,0.999997,0.000141284,0,0.0139086,-0.000177588,0.999903,0,-0.0632734,0.000165093,0.000880157,1,2,0.502583,0.487419,0.875166,0.875166,5.20662,0.24839,-0.0876499,8.36841,-5.27394e-05,-1.00255e-05,4.3879,-0.525412,13,1,860160,896,832,640
1,1,1945,3,7,-0.114379,0.511252,-0.851786,0,0.728769,0.625878,0.2778,0,0.67514,-0.58898,-0.444172,0,-1.22957,0.0124498,0.363314,1,1000015728724028700,6.09393,0.01,6295,1,1,1,0.64112,0.235227,0.123654,0.193153,0.651026,0.155823,0.0942861,0.256904,0.648825,1.75667,-0.555222,-0.201446,-0.508254,1.85749,-0.349234,-0.0540321,-0.654794,1.7088,0.78,1,1000015728724028700,0.9999,-0.00260894,-0.013909,0,0.00261115,0.999997,0.000141284,0,0.0139086,-0.000177588,0.999903,0,-0.0632734,0.000165093,0.000880157,1,2,0.502583,0.487419,0.875166,0.875166,5.20662,0.24839,-0.0876499,8.36841,-5.27394e-05,-1.00255e-05,4.3879,-0.525412,13,1,860160,896,832,640
1,1,1946,3,7,-0.114414,0.511276,-0.851767,0,0.728756,0.625892,0.277803,0,0.675148,-0.588945,-0.444206,0,-1.22957,0.0124498,0.363314,1,1000015728735139900,6.09542,0.01,6295,1,1,1,0.64112,0.235227,0.123654,0.193153,0.651026,0.155823,0.0942861,0.256904,0.648825,1.75667,-0.555222,-0.201446,-0.508254,1.85749,-0.349234,-0.0540321,-0.654794,1.7088,0.78,1,1000015728735139900,0.9999,-0.00260894,-0.013909,0,0.00261115,0.999997,0.000141284,0,0.0139086,-0.000177588,0.999903,0,-0.0632734,0.000165093,0.000880157,1,2,0.502583,0.487419,0.875166,0.875166,5.20662,0.24839,-0.0876499,8.36841,-5.27394e-05,-1.00255e-05,4.3879,-0.525412,13,1,860160,896,832,640
1,1,1947,3,7,-0.114413,0.511289,-0.851759,0,0.728765,0.62588,0.277807,0,0.675138,-0.588947,-0.444218,0,-1.22957,0.0124498,0.363314,1,1000015728746251000,6.09694,0.01,6295,1,1,1,0.64112,0.235227,0.123654,0.193153,0.651026,0.155823,0.0942861,0.256904,0.648825,1.75667,-0.555222,-0.201446,-0.508254,1.85749,-0.349234,-0.0540321,-0.654794,1.7088,0.78,1,1000015728746251000,0.9999,-0.00260894,-0.013909,0,0.00261115,0.999997,0.000141284,0,0.0139086,-0.000177588,0.999903,0,-0.0632734,0.000165093,0.000880157,1,2,0.502583,0.487419,0.875166,0.875166,5.20662,0.24839,-0.0876499,8.36841,-5.27394e-05,-1.00255e-05,4.3879,-0.525412,13,1,860160,896,832,640
1,1,1948,3,7,-0.114383,0.511304,-0.851754,0,0.72875,0.625878,0.277847,0,0.675159,-0.588935,-0.444203,0,-1.22957,0.0124498,0.363314,1,1000015728757362100,6.09857,0.01,6295,1,1,1,0.64112,0.235227,0.123654,0.193153,0.651026,0.155823,0.0942861,0.256904,0.648825,1.75667,-0.555222,-0.201446,-0.508254,1.85749,-0.349234,-0.0540321,-0.654794,1.7088,0.78,1,1000015728757362100,0.9999,-0.00260894,-0.013909,0,0.00261115,0.999997,0.000141284,0,0.0139086,-0.000177588,0.999903,0,-0.0632734,0.000165093,0.000880157,1,2,0.502583,0.487419,0.875166,0.875166,5.20662,0.24839,-0.0876499,8.36841,-5.27394e-05,-1.00255e-05,4.3879,-0.525412,13,1,860160,896,832,640
1,1,1949,3,7,-0.114367,0.511314,-0.85175,0,0.728745,0.625875,0.277868,0,0.675167,-0.58893,-0.444197,0,-1.22957,0.0124498,0.363314,1,1000015728768473400,6.10022,0.01,6295,1,1,1,0.64112,0.235227,0.123654,0.193153,0.651026,0.155823,0.0942861,0.256904,0.648825,1.75667,-0.555222,-0.201446,-0.508254,1.85749,-0.349234,-0.0540321,-0.654794,1.7088,0.78,1,1000015728768473400,0.9999,-0.00260894,-0.013909,0,0.00261115,0.999997,0.000141284,0,0.0139086,-0.000177588,0.999903,0,-0.0632734,0.000165093,0.000880157,1,2,0.502583,0.487419,0.875166,0.875166,5.20662,0.24839,-0.0876499,8.36841,-5.27394e-05,-1.00255e-05,4.3879,-0.525412,13,1,860160,896,832,640
1,1,1950,3,7,-0.114358,0.511318,-0.851749,0,0.728732,0.625882,0.277885,0,0.675182,-0.588918,-0.444189,0,-1.22957,0.0124498,0.363314,1,1000015728779584700,6.10201,0.01,6295,1,1,1,0.64112,0.235227,0.123654,0.193153,0.651026,0.155823,0.0942861,0.256904,0.648825,1.75667,-0.555222,-0.201446,-0.508254,1.85749,-0.349234,-0.0540321,-0.654794,1.7088,0.78,1,1000015728779584700,0.9999,-0.00260894,-0.013909,0,0.00261115,0.999997,0.000141284,0,0.0139086,-0.000177588,0.999903,0,-0.0632734,0.000165093,0.000880157,1,2,0.502583,0.487419,0.875166,0.875166,5.20662,0.24839,-0.0876499,8.36841,-5.27394e-05,-1.00255e-05,4.3879,-0.525412,13,1,860160,896,832,640
1,1,1951,3,7,-0.114405,0.511355,-0.85172,0,0.728712,0.625902,0.277896,0,0.675197,-0.588866,-0.444237,0,-1.22957,0.0124498,0.363314,1,1000015728790695800,6.10381,0.01,6295,1,1,1,0.64112,0.235227,0.123654,0.193153,0.651026,0.155823,0.0942861,0.256904,0.648825,1.75667,-0.555222,-0.201446,-0.508254,1.85749,-0.349234,-0.0540321,-0.654794,1.7088,0.78,1,1000015728790695800,0.9999,-0.00260894,-0.013909,0,0.00261115,0.999997,0.000141284,0,0.0139086,-0.000177588,0.999903,0,-0.0632734,0.000165093,0.000880157,1,2,0.502583,0.487419,0.875166,0.875166,5.20662,0.24839,-0.0876499,8.36841,-5.27394e-05,-1.00255e-05,4.3879,-0.525412,13,1,860160,896,832,640
1,1,1952,3,7,-0.114378,0.511327,-0.851741,0,0.728676,0.625934,0.277916,0,0.67524,-0.588856,-0.444185,0,-1.22957,0.0124498,0.363314,1,1000015728801806900,6.1053,0.01,6295,1,1,1,0.64112,0.235227,0.123654,0.193153,0.651026,0.155823,0.0942861,0.256904,0.648825,1.75667,-0.555222,-0.201446,-0.508254,1.85749,-0.349234,-0.0540321,-0.654794,1.7088,0.78,1,1000015728801806900,0.9999,-0.00260894,-0.013909,0,0.00261115,0.999997,0.000141284,0,0.0139086,-0.000177588,0.999903,0,-0.0632734,0.000165093,0.000880157,1,2,0.502583,0.487419,0.875166,0.875166,5.20662,0.24839,-0.0876499,8.36841,-5.27394e-05,-1.00255e-05,4.3879,-0.525412,13,1,860160,896,832,640
1,1,1953,3,7,-0.114368,0.511316,-0.851749,0,0.728665,0.625945,0.277922,0,0.675254,-0.588854,-0.444166,0,-1.22957,0.0124498,0.363314,1,1000015728812918200,6.10682,0.01,6295,1,1,1,0.64112,0.235227,0.123654,0.193153,0.651026,0.155823,0.0942861,0.256904,0.648825,1.75667,-0.555222,-0.201446,-0.508254,1.85749,-0.349234,-0.0540321,-0.654794,1.7088,0.78,1,1000015728812918200,0.9999,-0.00260894,-0.013909,0,0.00261115,0.999997,0.000141284,0,0.0139086,-0.000177588,0.999903,0,-0.0632734,0.000165093,0.000880157,1,2,0.502583,0.487419,0.875166,0.875166,5.20662,0.24839,-0.0876499,8.36841,-5.27394e-05,-1.00255e-05,4.3879,-0.525412,13,1,860160,896,832,640
1,1,1954,3,7,-0.114314,0.511281,-0.851777,0,0.72863,0.625971,0.277954,0,0.6753,-0.588856,-0.444092,0,-1.22957,0.0124498,0.363314,1,1000015728824029500,6.10834,0.01,6295,1,1,1,0.64112,0.235227,0.123654,0.193153,0.651026,0.155823,0.0942861,0.256904,0.648825,1.75667,-0.555222,-0.201446,-0.508254,1.85749,-0.349234,-0.0540321,-0.654794,1.7088,0.78,1,1000015728824029500,0.9999,-0.00260894,-0.013909,0,0.00261115,0.999997,0.000141284,0,0.0139086,-0.000177588,0.999903,0,-0.0632734,0.000165093,0.000880157,1,2,0.502583,0.487419,0.875166,0.875166,5.20662,0.24839,-0.0876499,8.36841,-5.27394e-05,-1.00255e-05,4.3879,-0.525412,13,1,860160,896,832,640
1,1,1955,3,7,-0.114316,0.51129,-0.851771,0,0.728631,0.625968,0.277959,0,0.675299,-0.588851,-0.4441,0,-1.22957,0.0124498,0.363314,1,1000015728835140600,6.11005,0.01,6295,1,1,1,0.64112,0.235227,0.123654,0.193153,0.651026,0.155823,0.0942861,0.256904,0.648825,1.75667,-0.555222,-0.201446,-0.508254,1.85749,-0.349234,-0.0540321,-0.654794,1.7088,0.78,1,1000015728835140600,0.9999,-0.00260894,-0.013909,0,0.00261115,0.999997,0.000141284,0,0.0139086,-0.000177588,0.999903,0,-0.0632734,0.000165093,0.000880157,1,2,0.502583,0.487419,0.875166,0.875166,5.20662,0.24839,-0.0876499,8.36841,-5.27394e-05,-1.00255e-05,4.3879,-0.525412,13,1,860160,896,832,640
1,1,1956,3,7,-0.114271,0.511288,-0.851779,0,0.728618,0.625967,0.277994,0,0.675321,-0.588855,-0.444063,0,-1.22957,0.0124498,0.363314,1,1000015728846251700,6.11182,0.01,6295,1,1,1,0.64112,0.235227,0.123654,0.193153,0.651026,0.155823,0.0942861,0.256904,0.648825,1.75667,-0.555222,-0.201446,-0.508254,1.85749,-0.349234,-0.0540321,-0.654794,1.7088,0.78,1,1000015728846251700,0.9999,-0.00260894,-0.013909,0,0.00261115,0.999997,0.000141284,0,0.0139086,-0.000177588,0.999903,0,-0.0632734,0.000165093,0.000880157,1,2,0.502583,0.487419,0.875166,0.875166,5.20662,0.24839,-0.0876499,8.36841,-5.27394e-05,-1.00255e-05,4.3879,-0.525412,13,1,860160,896,832,640
1,1,1957,3,7,-0.114267,0.511312,-0.851765,0,0.728612,0.625963,0.278018,0,0.675327,-0.588838,-0.444075,0,-1.22957,0.0124498,0.363314,1,1000015728857363000,6.1136,0.01,6295,1,1,1,0.64112,0.235227,0.123654,0.193153,0.651026,0.155823,0.0942861,0.256904,0.648825,1.75667,-0.555222,-0.201446,-0.508254,1.85749,-0.349234,-0.0540321,-0.654794,1.7088,0.78,1,1000015728857363000,0.9999,-0.00260894,-0.013909,0,0.00261115,0.999997,0.000141284,0,0.0139086,-0.000177588,0.999903,0,-0.0632734,0.000165093,0.000880157,1,2,0.502583,0.487419,0.875166,0.875166,5.20662,0.24839,-0.0876499,8.36841,-5.27394e-05,-1.00255e-05,4.3879,-0.525412,13,1,860160,896,832,640
1,1,1958,3,7,-0.114236,0.511299,-0.851776,0,0.728588,0.62598,0.278045,0,0.675359,-0.588831,-0.444036,0,-1.22957,0.0124498,0.363314,1,1000015728868474300,6.11508,0.01,6295,1,1,1,0.64112,0.235227,0.123654,0.193153,0.651026,0.155823,0.0942861,0.256904,0.648825,1.75667,-0.555222,-0.201446,-0.508254,1.85749,-0.349234,-0.0540321,-0.654794,1.7088,0.78,1,1000015728868474300,0.9999,-0.00260894,-0.013909,0,0.00261115,0.999997,0.000141284,0,0.0139086,-0.000177588,0.999903,0,-0.0632734,0.000165093,0.000880157,1,2,0.502583,0.487419,0.875166,0.875166,5.20662,0.24839,-0.0876499,8.36841,-5.27394e-05,-1.00255e-05,4.3879,-0.525412,13,1,860160,896,832,640
1,1,1959,3,7,-0.114247,0.511319,-0.851763,0,0.728587,0.625977,0.278053,0,0.675358,-0.588816,-0.444057,0,-1.22957,0.0124498,0.363314,1,1000015728879585500,6.11662,0.01,6295,1,1,1,0.64112,0.235227,0.123654,0.193153,0.651026,0.155823,0.0942861,0.256904,0.648825,1.75667,-0.555222,-0.201446,-0.508254,1.85749,-0.349234,-0.0540321,-0.654794,1.7088,0.78,1,1000015728879585500,0.9999,-0.00260894,-0.013909,0,0.00261115,0.999997,0.000141284,0,0.0139086,-0.000177588,0.999903,0,-0.0632734,0.000165093,0.000880157,1,2,0.502583,0.487419,0.875166,0.875166,5.20662,0.24839,-0.0876499,8.36841,-5.27394e-05,-1.00255e-05,4.3879,-0.525412,13,1,860160,896,832,640
1,1,1960,3,7,-0.114221,0.511284,-0.851788,0,0.728581,0.625987,0.278047,0,0.675369,-0.588838,-0.444012,0,-1.22957,0.0124498,0.363314,1,1000015728890696500,6.11815,0.01,6295,1,1,1,0.64112,0.235227,0.123654,0.193153,0.651026,0.155823,0.0942861,0.256904,0.648825,1.75667,-0.555222,-0.201446,-0.508254,1.85749,-0.349234,-0.0540321,-0.654794,1.7088,0.78,1,1000015728890696500,0.9999,-0.00260894,-0.013909,0,0.00261115,0.999997,0.000141284,0,0.0139086,-0.000177588,0.999903,0,-0.0632734,0.000165093,0.000880157,1,2,0.502583,0.487419,0.875166,0.875166,5.20662,0.24839,-0.0876499,8.36841,-5.27394e-05,-1.00255e-05,4.3879,-0.525412,13,1,860160,896,832,640
1,1,1961,3,7,-0.114224,0.511264,-0.851799,0,0.728564,0.626008,0.278043,0,0.675386,-0.588832,-0.443994,0,-1.22957,0.0124498,0.363314,1,1000015728901807800,6.11979,0.01,6295,1,1,1,0.64112,0.235227,0.123654,0.193153,0.651026,0.155823,0.0942861,0.256904,0.648825,1.75667,-0.555222,-0.201446,-0.508254,1.85749,-0.349234,-0.0540321,-0.654794,1.7088,0.78,1,1000015728901807800,0.9999,-0.00260894,-0.013909,0,0.00261115,0.999997,0.000141284,0,0.0139086,-0.000177588,0.999903,0,-0.0632734,0.000165093,0.000880157,1,2,0.502583,0.487419,0.875166,0.875166,5.20662,0.24839,-0.0876499,8.36841,-5.27394e-05,-1.00255e-05,4.3879,-0.525412,13,1,860160,896,832,640
1,1,1962,3,7,-0.114222,0.511247,-0.851809,0,0.728563,0.626014,0.278032,0,0.675388,-0.58884,-0.443981,0,-1.22957,0.0124498,0.363314,1,1000015728912919100,6.12152,0.01,6295,1,1,1,0.64112,0.235227,0.123654,0.193153,0.651026,0.155823,0.0942861,0.256904,0.648825,1.75667,-0.555222,-0.201446,-0.508254,1.85749,-0.349234,-0.0540321,-0.654794,1.7088,0.78,1,1000015728912919100,0.9999,-0.00260894,-0.013909,0,0.00261115,0.999997,0.000141284,0,0.0139086,-0.000177588,0.999903,0,-0.0632734,0.000165093,0.000880157,1,2,0.502583,0.487419,0.875166,0.875166,5.20662,0.24839,-0.0876499,8.36841,-5.27394e-05,-1.00255e-05,4.3879,-0.525412,13,1,860160,896,832,640
1,1,1963,3,7,-0.114244,0.511268,-0.851794,0,0.728547,0.626028,0.278043,0,0.675402,-0.588807,-0.444002,0,-1.22957,0.0124498,0.363314,1,1000015728924030200,6.12329,0.01,6295,1,1,1,0.64112,0.235227,0.123654,0.193153,0.651026,0.155823,0.0942861,0.256904,0.648825,1.75667,-0.555222,-0.201446,-0.508254,1.85749,-0.349234,-0.0540321,-0.654794,1.7088,0.78,1,1000015728924030200,0.9999,-0.00260894,-0.013909,0,0.00261115,0.999997,0.000141284,0,0.0139086,-0.000177588,0.999903,0,-0.0632734,0.000165093,0.000880157,1,2,0.502583,0.487419,0.875166,0.875166,5.20662,0.24839,-0.0876499,8.36841,-5.27394e-05,-1.00255e-05,4.3879,-0.525412,13,1,860160,896,832,640
1,1,1964,3,7,-0.114186,0.511241,-0.851818,0,0.728543,0.626024,0.278064,0,0.675416,-0.588835,-0.443945,0,-1.22957,0.0124498,0.363314,1,1000015728935141300,6.12504,0.01,6295,1,1,1,0.64112,0.235227,0.123654,0.193153,0.651026,0.155823,0.0942861,0.256904,0.648825,1.75667,-0.555222,-0.201446,-0.508254,1.85749,-0.349234,-0.0540321,-0.654794,1.7088,0.78,1,1000015728935141300,0.9999,-0.00260894,-0.013909,0,0.00261115,0.999997,0.000141284,0,0.0139086,-0.000177588,0.999903,0,-0.0632734,0.000165093,0.000880157,1,2,0.502583,0.487419,0.875166,0.875166,5.20662,0.24839,-0.0876499,8.36841,-5.27394e-05,-1.00255e-05,4.3879,-0.525412,13,1,860160,896,832,640
1,1,1965,3,7,-0.114161,0.511234,-0.851826,0,0.728542,0.62602,0.278075,0,0.675421,-0.588845,-0.443922,0,-1.22957,0.0124498,0.363314,1,1000015728946252700,6.12648,0.01,6295,1,1,1,0.64112,0.235227,0.123654,0.193153,0.651026,0.155823,0.0942861,0.256904,0.648825,1.75667,-0.555222,-0.201446,-0.508254,1.85749,-0.349234,-0.0540321,-0.654794,1.7088,0.78,1,1000015728946252700,0.9999,-0.00260894,-0.013909,0,0.00261115,0.999997,0.000141284,0,0.0139086,-0.000177588,0.999903,0,-0.0632734,0.000165093,0.000880157,1,2,0.502583,0.487419,0.875166,0.875166,5.20662,0.24839,-0.0876499,8.36841,-5.27394e-05,-1.00255e-05,4.3879,-0.525412,13,1,860160,896,832,640
1,1,1966,3,7,-0.114154,0.511239,-0.851824,0,0.728533,0.626024,0.278089,0,0.675432,-0.588837,-0.443917,0,-1.22957,0.0124498,0.363314,1,1000015728957363900,6.12803,0.01,6295,1,1,1,0.64112,0.235227,0.123654,0.193153,0.651026,0.155823,0.0942861,0.256904,0.648825,1.75667,-0.555222,-0.201446,-0.508254,1.85749,-0.349234,-0.0540321,-0.654794,1.7088,0.78,1,1000015728957363900,0.9999,-0.00260894,-0.013909,0,0.00261115,0.999997,0.000141284,0,0.0139086,-0.000177588,0.999903,0,-0.0632734,0.000165093,0.000880157,1,2,0.502583,0.487419,0.875166,0.875166,5.20662,0.24839,-0.0876499,8.36841,-5.27394e-05,-1.00255e-05,4.3879,-0.525412,13,1,860160,896,832,640
1,1,1967,3,7,-0.114129,0.511215,-0.851842,0,0.728543,0.626016,0.278081,0,0.675426,-0.588866,-0.443888,0,-1.22957,0.0124498,0.363314,1,1000015728968475000,6.12958,0.01,6295,1,1,1,0.64112,0.235227,0.123654,0.193153,0.651026,0.155823,0.0942861,0.256904,0.648825,1.75667,-0.555222,-0.201446,-0.508254,1.85749,-0.349234,-0.0540321,-0.654794,1.7088,0.78,1,1000015728968475000,0.9999,-0.00260894,-0.013909,0,0.00261115,0.999997,0.000141284,0,0.0139086,-0.000177588,0.999903,0,-0.0632734,0.000165093,0.000880157,1,2,0.502583,0.487419,0.875166,0.875166,5.20662,0.24839,-0.0876499,8.36841,-5.27394e-05,-1.00255e-05,4.3879,-0.525412,13,1,860160,896,832,640
1,1,1968,3,7,-0.114093,0.511182,-0.851866,0,0.728564,0.625999,0.278066,0,0.675409,-0.588913,-0.443851,0,-1.22957,0.0124498,0.363314,1,1000015728979586100,6.13127,0.01,6295,1,1,1,0.64112,0.235227,0.123654,0.193153,0.651026,0.155823,0.0942861,0.256904,0.648825,1.75667,-0.555222,-0.201446,-0.508254,1.85749,-0.349234,-0.0540321,-0.654794,1.7088,0.78,1,1000015728979586100,0.9999,-0.00260894,-0.013909,0,0.00261115,0.999997,0.000141284,0,0.0139086,-0.000177588,0.999903,0,-0.0632734,0.000165093,0.000880157,1,2,0.502583,0.487419,0.875166,0.875166,5.20662,0.24839,-0.0876499,8.36841,-5.27394e-05,-1.00255e-05,4.3879,-0.525412,13,1,860160,896,832,640
1,1,1969,3,7,-0.114076,0.511168,-0.851877,0,0.728569,0.625994,0.278063,0,0.675407,-0.588931,-0.443832,0,-1.22957,0.0124498,0.363314,1,1000015728990697400,6.13296,0.01,6295,1,1,1,0.64112,0.235227,0.123654,0.193153,0.651026,0.155823,0.0942861,0.256904,0.648825,1.75667,-0.555222,-0.201446,-0.508254,1.85749,-0.349234,-0.0540321,-0.654794,1.7088,0.78,1,1000015728990697400,0.9999,-0.00260894,-0.013909,0,0.00261115,0.999997,0.000141284,0,0.0139086,-0.000177588,0.999903,0,-0.0632734,0.000165093,0.000880157,1,2,0.502583,0.487419,0.875166,0.875166,5.20662,0.24839,-0.0876499,8.36841,-5.27394e-05,-1.00255e-05,4.3879,-0.525412,13,1,860160,896,832,640
1,1,1970,3,7,-0.114074,0.511175,-0.851873,0,0.728583,0.625979,0.27806,0,0.675392,-0.588941,-0.443841,0,-1.22957,0.0124498,0.363314,1,1000015729001808700,6.13407,0.01,6295,1,1,1,0.64112,0.235227,0.123654,0.193153,0.651026,0.155823,0.0942861,0.256904,0.648825,1.75667,-0.555222,-0.201446,-0.508254,1.85749,-0.349234,-0.0540321,-0.654794,1.7088,0.78,1,1000015729001808700,0.9999,-0.00260894,-0.013909,0,0.00261115,0.999997,0.000141284,0,0.0139086,-0.000177588,0.999903,0,-0.0632734,0.000165093,0.000880157,1,2,0.502583,0.487419,0.875166,0.875166,5.20662,0.24839,-0.0876499,8.36841,-5.27394e-05,-1.00255e-05,4.3879,-0.525412,13,1,860160,896,832,640
1,1,1971,3,7,-0.114076,0.511206,-0.851854,0,0.72859,0.625963,0.278078,0,0.675384,-0.58893,-0.443867,0,-1.22957,0.0124498,0.363314,1,1000015729012919800,6.13518,0.01,6295,1,1,1,0.64112,0.235227,0.123654,0.193153,0.651026,0.155823,0.0942861,0.256904,0.648825,1.75667,-0.555222,-0.201446,-0.508254,1.85749,-0.349234,-0.0540321,-0.654794,1.7088,0.78,1,1000015729012919800,0.9999,-0.00260894,-0.013909,0,0.00261115,0.999997,0.000141284,0,0.0139086,-0.000177588,0.999903,0,-0.0632734,0.000165093,0.000880157,1,2,0.502583,0.487419,0.875166,0.875166,5.20662,0.24839,-0.0876499,8.36841,-5.27394e-05,-1.00255e-05,4.3879,-0.525412,13,1,860160,896,832,640
1,1,1972,3,7,-0.114067,0.5112,-0.851859,0,0.728616,0.62594,0.278062,0,0.675358,-0.58896,-0.443867,0,-1.22957,0.0124498,0.363314,1,1000015729024030900,6.13637,0.01,6295,1,1,1,0.64112,0.235227,0.123654,0.193153,0.651026,0.155823,0.0942861,0.256904,0.648825,1.75667,-0.555222,-0.201446,-0.508254,1.85749,-0.349234,-0.0540321,-0.654794,1.7088,0.78,1,1000015729024030900,0.9999,-0.00260894,-0.013909,0,0.00261115,0.999997,0.000141284,0,0.0139086,-0.000177588,0.999903,0,-0.0632734,0.000165093,0.000880157,1,2,0.502583,0.487419,0.875166,0.875166,5.20662,0.24839,-0.0876499,8.36841,-5.27394e-05,-1.00255e-05,4.3879,-0.525412,13,1,860160,896,832,640
1,1,1973,3,7,-0.114058,0.511195,-0.851863,0,0.728617,0.625938,0.278064,0,0.675358,-0.588966,-0.443859,0,-1.22957,0.0124498,0.363314,1,1000015729035142200,6.13756,0.01,6295,1,1,1,0.64112,0.235227,0.123654,0.193153,0.651026,0.155823,0.0942861,0.256904,0.648825,1.75667,-0.555222,-0.201446,-0.508254,1.85749,-0.349234,-0.0540321,-0.654794,1.7088,0.78,1,1000015729035142200,0.9999,-0.00260894,-0.013909,0,0.00261115,0.999997,0.000141284,0,0.0139086,-0.000177588,0.999903,0,-0.0632734,0.000165093,0.000880157,1,2,0.502583,0.487419,0.875166,0.875166,5.20662,0.24839,-0.0876499,8.36841,-5.27394e-05,-1.00255e-05,4.3879,-0.525412,13,1,860160,896,832,640
1,1,1974,3,7,-0.114059,0.511202,-0.851859,0,0.728655,0.625903,0.278043,0,0.675317,-0.588998,-0.443879,0,-1.22957,0.0124498,0.363314,1,1000015729046253500,6.1388,0.01,6295,1,1,1,0.64112,0.235227,0.123654,0.193153,0.651026,0.155823,0.0942861,0.256904,0.648825,1.75667,-0.555222,-0.201446,-0.508254,1.85749,-0.349234,-0.0540321,-0.654794,1.7088,0.78,1,1000015729046253500,0.9999,-0.00260894,-0.013909,0,0.00261115,0.999997,0.000141284,0,0.0139086,-0.000177588,0.999903,0,-0.0632734,0.000165093,0.000880157,1,2,0.502583,0.487419,0.875166,0.875166,5.20662,0.24839,-0.0876499,8.36841,-5.27394e-05,-1.00255e-05,4.3879,-0.525412,13,1,860160,896,832,640
1,1,1975,3,7,-0.114075,0.511239,-0.851835,0,0.728673,0.625879,0.278047,0,0.675294,-0.588991,-0.443923,0,-1.22957,0.0124498,0.363314,1,1000015729057364700,6.14006,0.01,6295,1,1,1,0.64112,0.235227,0.123654,0.193153,0.651026,0.155823,0.0942861,0.256904,0.648825,1.75667,-0.555222,-0.201446,-0.508254,1.85749,-0.349234,-0.0540321,-0.654794,1.7088,0.78,1,1000015729057364700,0.9999,-0.00260894,-0.013909,0,0.00261115,0.999997,0.000141284,0,0.0139086,-0.000177588,0.999903,0,-0.0632734,0.000165093,0.000880157,1,2,0.502583,0.487419,0.875166,0.875166,5.20662,0.24839,-0.0876499,8.36841,-5.27394e-05,-1.00255e-05,4.3879,-0.525412,13,1,860160,896,832,640
1,1,1976,3,7,-0.114083,0.511265,-0.851818,0,0.728714,0.625837,0.278035,0,0.675249,-0.589012,-0.443963,0,-1.22957,0.0124498,0.363314,1,1000015729068475700,6.14136,0.01,6295,1,1,1,0.64112,0.235227,0.123654,0.193153,0.651026,0.155823,0.0942861,0.256904,0.648825,1.75667,-0.555222,-0.201446,-0.508254,1.85749,-0.349234,-0.0540321,-0.654794,1.7088,0.78,1,1000015729068475700,0.9999,-0.00260894,-0.013909,0,0.00261115,0.999997,0.000141284,0,0.0139086,-0.000177588,0.999903,0,-0.0632734,0.000165093,0.000880157,1,2,0.502583,0.487419,0.875166,0.875166,5.20662,0.24839,-0.0876499,8.36841,-5.27394e-05,-1.00255e-05,4.3879,-0.525412,13,1,860160,896,832,640
1,1,1977,3,7,-0.114092,0.511296,-0.851798,0,0.728722,0.625823,0.278046,0,0.675238,-0.589001,-0.443994,0,-1.22957,0.0124498,0.363314,1,1000015729079587000,6.14268,0.01,6295,1,1,1,0.64112,0.235227,0.123654,0.193153,0.651026,0.155823,0.0942861,0.256904,0.648825,1.75667,-0.555222,-0.201446,-0.508254,1.85749,-0.349234,-0.0540321,-0.654794,1.7088,0.78,1,1000015729079587000,0.9999,-0.00260894,-0.013909,0,0.00261115,0.999997,0.000141284,0,0.0139086,-0.000177588,0.999903,0,-0.0632734,0.000165093,0.000880157,1,2,0.502583,0.487419,0.875166,0.875166,5.20662,0.24839,-0.0876499,8.36841,-5.27394e-05,-1.00255e-05,4.3879,-0.525412,13,1,860160,896,832,640
1,1,1978,3,7,-0.114104,0.511312,-0.851787,0,0.728753,0.625794,0.27803,0,0.675203,-0.589017,-0.444026,0,-1.22957,0.0124498,0.363314,1,1000015729090698300,6.14404,0.01,6295,1,1,1,0.64112,0.235227,0.123654,0.193153,0.651026,0.155823,0.0942861,0.256904,0.648825,1.75667,-0.555222,-0.201446,-0.508254,1.85749,-0.349234,-0.0540321,-0.654794,1.7088,0.78,1,1000015729090698300,0.9999,-0.00260894,-0.013909,0,0.00261115,0.999997,0.000141284,0,0.0139086,-0.000177588,0.999903,0,-0.0632734,0.000165093,0.000880157,1,2,0.502583,0.487419,0.875166,0.875166,5.20662,0.24839,-0.0876499,8.36841,-5.27394e-05,-1.00255e-05,4.3879,-0.525412,13,1,860160,896,832,640
1,1,1979,3,7,-0.114138,0.511358,-0.851754,0,0.728753,0.625789,0.278042,0,0.675198,-0.588983,-0.44408,0,-1.22957,0.0124498,0.363314,1,1000015729101809400,6.14542,0.01,6295,1,1,1,0.64112,0.235227,0.123654,0.193153,0.651026,0.155823,0.0942861,0.256904,0.648825,1.75667,-0.555222,-0.201446,-0.508254,1.85749,-0.349234,-0.0540321,-0.654794,1.7088,0.78,1,1000015729101809400,0.9999,-0.00260894,-0.013909,0,0.00261115,0.999997,0.000141284,0,0.0139086,-0.000177588,0.999903,0,-0.0632734,0.000165093,0.000880157,1,2,0.502583,0.487419,0.875166,0.875166,5.20662,0.24839,-0.0876499,8.36841,-5.27394e-05,-1.00255e-05,4.3879,-0.525412,13,1,860160,896,832,640
1,1,1980,3,7,-0.114153,0.511379,-0.85174,0,0.728781,0.625762,0.27803,0,0.675165,-0.588993,-0.444116,0,-1.22957,0.0124498,0.363314,1,1000015729112920500,6.14681,0.01,6295,1,1,1,0.64112,0.235227,0.123654,0.193153,0.651026,0.155823,0.0942861,0.256904,0.648825,1.75667,-0.555222,-0.201446,-0.508254,1.85749,-0.349234,-0.0540321,-0.654794,1.7088,0.78,1,1000015729112920500,0.9999,-0.00260894,-0.013909,0,0.00261115,0.999997,0.000141284,0,0.0139086,-0.000177588,0.999903,0,-0.0632734,0.000165093,0.000880157,1,2,0.502583,0.487419,0.875166,0.875166,5.20662,0.24839,-0.0876499,8.36841,-5.27394e-05,-1.00255e-05,4.3879,-0.525412,13,1,860160,896,832,640
1,1,1981,3,7,-0.114186,0.511402,-0.851721,0,0.728773,0.625771,0.278031,0,0.675168,-0.588964,-0.44415,0,-1.22957,0.0124498,0.363314,1,1000015729124031800,6.14825,0.01,6295,1,1,1,0.64112,0.235227,0.123654,0.193153,0.651026,0.155823,0.0942861,0.256904,0.648825,1.75667,-0.555222,-0.201446,-0.508254,1.85749,-0.349234,-0.0540321,-0.654794,1.7088,0.78,1,1000015729124031800,0.9999,-0.00260894,-0.013909,0,0.00261115,0.999997,0.000141284,0,0.0139086,-0.000177588,0.999903,0,-0.0632734,0.000165093,0.000880157,1,2,0.502583,0.487419,0.875166,0.875166,5.20662,0.24839,-0.0876499,8.36841,-5.27394e-05,-1.00255e-05,4.3879,-0.525412,13,1,860160,896,832,640
1,1,1982,3,7,-0.114227,0.511428,-0.851701,0,0.728799,0.625751,0.278007,0,0.675133,-0.588962,-0.444206,0,-1.22957,0.0124498,0.363314,1,1000015729135143100,6.14827,0.01,6295,1,1,1,0.64112,0.235227,0.123654,0.193153,0.651026,0.155823,0.0942861,0.256904,0.648825,1.75667,-0.555222,-0.201446,-0.508254,1.85749,-0.349234,-0.0540321,-0.654794,1.7088,0.78,1,1000015729135143100,0.9999,-0.00260894,-0.013909,0,0.00261115,0.999997,0.000141284,0,0.0139086,-0.000177588,0.999903,0,-0.0632734,0.000165093,0.000880157,1,2,0.502583,0.487419,0.875166,0.875166,5.20662,0.24839,-0.0876499,8.36841,-5.27394e-05,-1.00255e-05,4.3879,-0.525412,13,1,860160,896,832,640
1,1,1983,3,7,-0.114251,0.511458,-0.851679,0,0.728817,0.625733,0.278002,0,0.67511,-0.588956,-0.44425,0,-1.22957,0.0124498,0.363314,1,1000015729146254300,6.14827,0.01,6295,1,1,1,0.64112,0.235227,0.123654,0.193153,0.651026,0.155823,0.0942861,0.256904,0.648825,1.75667,-0.555222,-0.201446,-0.508254,1.85749,-0.349234,-0.0540321,-0.654794,1.7088,0.78,1,1000015729146254300,0.9999,-0.00260894,-0.013909,0,0.00261115,0.999997,0.000141284,0,0.0139086,-0.000177588,0.999903,0,-0.0632734,0.000165093,0.000880157,1,2,0.502583,0.487419,0.875166,0.875166,5.20662,0.24839,-0.0876499,8.36841,-5.27394e-05,-1.00255e-05,4.3879,-0.525412,13,1,860160,896,832,640
1,1,1984,3,7,-0.114281,0.51149,-0.851656,0,0.728831,0.625719,0.277996,0,0.675089,-0.588943,-0.444298,0,-1.22957,0.0124498,0.363314,1,1000015729157365300,6.14835,0.01,6295,1,1,1,0.64112,0.235227,0.123654,0.193153,0.651026,0.155823,0.0942861,0.256904,0.648825,1.75667,-0.555222,-0.201446,-0.508254,1.85749,-0.349234,-0.0540321,-0.654794,1.7088,0.78,1,1000015729157365300,0.9999,-0.00260894,-0.013909,0,0.00261115,0.999997,0.000141284,0,0.0139086,-0.000177588,0.999903,0,-0.0632734,0.000165093,0.000880157,1,2,0.502583,0.487419,0.875166,0.875166,5.20662,0.24839,-0.0876499,8.36841,-5.27394e-05,-1.00255e-05,4.3879,-0.525412,13,1,860160,896,832,640
1,1,1985,3,7,-0.114287,0.511498,-0.85165,0,0.728842,0.625708,0.277991,0,0.675076,-0.588948,-0.444312,0,-1.22957,0.0124498,0.363314,1,1000015729168476600,6.14843,0.01,6295,1,1,1,0.64112,0.235227,0.123654,0.193153,0.651026,0.155823,0.0942861,0.256904,0.648825,1.75667,-0.555222,-0.201446,-0.508254,1.85749,-0.349234,-0.0540321,-0.654794,1.7088,0.78,1,1000015729168476600,0.9999,-0.00260894,-0.013909,0,0.00261115,0.999997,0.000141284,0,0.0139086,-0.000177588,0.999903,0,-0.0632734,0.000165093,0.000880157,1,2,0.502583,0.487419,0.875166,0.875166,5.20662,0.24839,-0.0876499,8.36841,-5.27394e-05,-1.00255e-05,4.3879,-0.525412,13,1,860160,896,832,640
1,1,1986,3,7,-0.11431,0.511514,-0.851638,0,0.728838,0.625713,0.277991,0,0.675077,-0.588929,-0.444336,0,-1.22957,0.0124498,0.363314,1,1000015729179587900,6.14837,0.01,6295,1,1,1,0.64112,0.235227,0.123654,0.193153,0.651026,0.155823,0.0942861,0.256904,0.648825,1.75667,-0.555222,-0.201446,-0.508254,1.85749,-0.349234,-0.0540321,-0.654794,1.7088,0.78,1,1000015729179587900,0.9999,-0.00260894,-0.013909,0,0.00261115,0.999997,0.000141284,0,0.0139086,-0.000177588,0.999903,0,-0.0632734,0.000165093,0.000880157,1,2,0.502583,0.487419,0.875166,0.875166,5.20662,0.24839,-0.0876499,8.36841,-5.27394e-05,-1.00255e-05,4.3879,-0.525412,13,1,860160,896,832,640
1,1,1987,3,7,-0.11433,0.511536,-0.851621,0,0.728839,0.625711,0.277994,0,0.675073,-0.588911,-0.444365,0,-1.22957,0.0124498,0.363314,1,1000015729190699000,6.14825,0.01,6295,1,1,1,0.64112,0.235227,0.123654,0.193153,0.651026,0.155823,0.0942861,0.256904,0.648825,1.75667,-0.555222,-0.201446,-0.508254,1.85749,-0.349234,-0.0540321,-0.654794,1.7088,0.78,1,1000015729190699000,0.9999,-0.00260894,-0.013909,0,0.00261115,0.999997,0.000141284,0,0.0139086,-0.000177588,0.999903,0,-0.0632734,0.000165093,0.000880157,1,2,0.502583,0.487419,0.875166,0.875166,5.20662,0.24839,-0.0876499,8.36841,-5.27394e-05,-1.00255e-05,4.3879,-0.525412,13,1,860160,896,832,640
1,1,1988,3,7,-0.114347,0.511562,-0.851604,0,0.728833,0.625712,0.278006,0,0.675076,-0.588887,-0.444392,0,-1.22957,0.0124498,0.363314,1,1000015729201810100,6.14809,0.01,6295,1,1,1,0.64112,0.235227,0.123654,0.193153,0.651026,0.155823,0.0942861,0.256904,0.648825,1.75667,-0.555222,-0.201446,-0.508254,1.85749,-0.349234,-0.0540321,-0.654794,1.7088,0.78,1,1000015729201810100,0.9999,-0.00260894,-0.013909,0,0.00261115,0.999997,0.000141284,0,0.0139086,-0.000177588,0.999903,0,-0.0632734,0.000165093,0.000880157,1,2,0.502583,0.487419,0.875166,0.875166,5.20662,0.24839,-0.0876499,8.36841,-5.27394e-05,-1.00255e-05,4.3879,-0.525412,13,1,860160,896,832,640
