streamFrame.type,streamframe.id,streamFrame.frameNumber,streamFrame.channels,streamFrame.dataFlags,streamFrame.hmdPose.value[0],streamFrame.hmdPose.value[1],streamFrame.hmdPose.value[2],streamFrame.hmdPose.value[3],streamFrame.hmdPose.value[4],streamFrame.hmdPose.value[5],streamFrame.hmdPose.value[6],streamFrame.hmdPose.value[7],streamFrame.hmdPose.value[8],streamFrame.hmdPose.value[9],streamFrame.hmdPose.value[10],streamFrame.hmdPose.value[11],streamFrame.hmdPose.value[12],streamFrame.hmdPose.value[13],streamFrame.hmdPose.value[14],streamFrame.hmdPose.value[15],streamFrame.metadata.distortedColor.timestamp,streamFrame.metadata.distortedColor.ev,streamFrame.metadata.distortedColor.exposuretime,streamFrame.metadata.distortedColor.whiteBalanceTemperature,streamFrame.metadata.distortedColor.wbNormalizationData.whiteBalanceColorGains[0],streamFrame.metadata.distortedColor.wbNormalizationData.whiteBalanceColorGains[1],streamFrame.metadata.distortedColor.wbNormalizationData.whiteBalanceColorGains[2],streamFrame.metadata.distortedColor.wbNormalizationData.invCCM.value[0],streamFrame.metadata.distortedColor.wbNormalizationData.invCCM.value[1],streamFrame.metadata.distortedColor.wbNormalizationData.invCCM.value[2],streamFrame.metadata.distortedColor.wbNormalizationData.invCCM.value[3],streamFrame.metadata.distortedColor.wbNormalizationData.invCCM.value[4],streamFrame.metadata.distortedColor.wbNormalizationData.invCCM.value[5],streamFrame.metadata.distortedColor.wbNormalizationData.invCCM.value[6],streamFrame.metadata.distortedColor.wbNormalizationData.invCCM.value[7],streamFrame.metadata.distortedColor.wbNormalizationData.invCCM.value[8],streamFrame.metadata.distortedColor.wbNormalizationData.ccm.value[0],streamFrame.metadata.distortedColor.wbNormalizationData.ccm.value[1],streamFrame.metadata.distortedColor.wbNormalizationData.ccm.value[2],streamFrame.metadata.distortedColor.wbNormalizationData.ccm.value[3],streamFrame.metadata.distortedColor.wbNormalizationData.ccm.value[4],streamFrame.metadata.distortedColor.wbNormalizationData.ccm.value[5],streamFrame.metadata.distortedColor.wbNormalizationData.ccm.value[6],streamFrame.metadata.distortedColor.wbNormalizationData.ccm.value[7],streamFrame.metadata.distortedColor.wbNormalizationData.ccm.value[8],streamFrame.metadata.distortedColor.cameraCalibrationConstant,channelIndex,timestamp,extrinsics.value[0],extrinsics.value[1],extrinsics.value[2],extrinsics.value[3],extrinsics.value[4],extrinsics.value[5],extrinsics.value[6],extrinsics.value[7],extrinsics.value[8],extrinsics.value[9],extrinsics.value[10],extrinsics.value[11],extrinsics.value[12],extrinsics.value[13],extrinsics.value[14],extrinsics.value[15],intrinsics.model,intrinsics.principalPointX,intrinsics.principalPointY,intrinsics.focalLengthX,intrinsics.focalLengthY,intrinsics.distortionCoefficients[0],intrinsics.distortionCoefficients[1],intrinsics.distortionCoefficients[2],intrinsics.distortionCoefficients[3],intrinsics.distortionCoefficients[4],intrinsics.distortionCoefficients[5],intrinsics.distortionCoefficients[6],intrinsics.distortionCoefficients[7],bufferMetadata.format,bufferMetadata.type,bufferMetadata.byteSize,bufferMetadata.rowStride,bufferMetadata.width,bufferMetadata.height
1,1,42991,3,7,-0.043133,0.155633,0.986873,0,-0.0460756,0.986431,-0.157577,0,-0.998006,-0.0522675,-0.0353769,0,0.235863,0.502729,0.66349,1,1000015378265454100,7.06162,0.01,4992,0.949891,1,1.24621,0.64112,0.235227,0.123654,0.193153,0.651026,0.155823,0.0942861,0.256904,0.648825,1.83511,-0.616658,-0.218449,-0.524225,1.85043,-0.326207,-0.0614334,-0.641583,1.70301,0.78,1,1000015378265454100,0.9999,-0.00260894,-0.013909,0,0.00261115,0.999997,0.000141284,0,0.0139086,-0.000177588,0.999903,0,-0.0632734,0.000165093,0.000880157,1,2,0.502583,0.487419,0.875166,0.875166,5.20662,0.24839,-0.0876499,8.36841,-5.27394e-05,-1.00255e-05,4.3879,-0.525412,13,1,860160,896,832,640
1,1,42992,3,7,-0.00927219,0.149744,0.988681,0,-0.0568519,0.987046,-0.150029,0,-0.99834,-0.0575995,-0.000638863,0,0.235863,0.502729,0.66349,1,1000015378276565300,7.05921,0.01,4987,0.949598,1,1.24705,0.64112,0.235227,0.123654,0.193153,0.651026,0.155823,0.0942861,0.256904,0.648825,1.83708,-0.618226,-0.218857,-0.524632,1.85031,-0.325682,-0.0616319,-0.642273,1.7039,0.78,1,1000015378276565300,0.9999,-0.00260894,-0.013909,0,0.00261115,0.999997,0.000141284,0,0.0139086,-0.000177588,0.999903,0,-0.0632734,0.000165093,0.000880157,1,2,0.502583,0.487419,0.875166,0.875166,5.20662,0.24839,-0.0876499,8.36841,-5.27394e-05,-1.00255e-05,4.3879,-0.525412,13,1,860160,896,832,640
1,1,42993,3,7,0.0244869,0.14405,0.989267,0,-0.0671562,0.987566,-0.14214,0,-0.997442,-0.0629549,0.0338563,0,0.235863,0.502729,0.66349,1,1000015378287676500,7.05834,0.01,4983,0.949443,1,1.2481,0.64112,0.235227,0.123654,0.193153,0.651026,0.155823,0.0942861,0.256904,0.648825,1.84032,-0.621088,-0.219234,-0.524813,1.84995,-0.325132,-0.0618045,-0.642812,1.70461,0.78,1,1000015378287676500,0.9999,-0.00260894,-0.013909,0,0.00261115,0.999997,0.000141284,0,0.0139086,-0.000177588,0.999903,0,-0.0632734,0.000165093,0.000880157,1,2,0.502583,0.487419,0.875166,0.875166,5.20662,0.24839,-0.0876499,8.36841,-5.27394e-05,-1.00255e-05,4.3879,-0.525412,13,1,860160,896,832,640
1,1,42994,3,7,0.0579337,0.13868,0.988641,0,-0.0768123,0.987988,-0.134087,0,-0.995361,-0.0681717,0.0678901,0,0.235863,0.502729,0.66349,1,1000015378298787700,7.05698,0.01,4980,0.949478,1,1.24913,0.64112,0.235227,0.123654,0.193153,0.651026,0.155823,0.0942861,0.256904,0.648825,1.84465,-0.625416,-0.219236,-0.524406,1.84925,-0.324847,-0.0618023,-0.643082,1.70488,0.78,1,1000015378298787700,0.9999,-0.00260894,-0.013909,0,0.00261115,0.999997,0.000141284,0,0.0139086,-0.000177588,0.999903,0,-0.0632734,0.000165093,0.000880157,1,2,0.502583,0.487419,0.875166,0.875166,5.20662,0.24839,-0.0876499,8.36841,-5.27394e-05,-1.00255e-05,4.3879,-0.525412,13,1,860160,896,832,640
1,1,42995,3,7,0.0910564,0.133847,0.98681,0,-0.0856322,0.988308,-0.126149,0,-0.992157,-0.0730161,0.101453,0,0.235863,0.502729,0.66349,1,1000015378309897800,7.05749,0.01,4976,0.949332,1,1.25088,0.64112,0.235227,0.123654,0.193153,0.651026,0.155823,0.0942861,0.256904,0.648825,1.84914,-0.629821,-0.219318,-0.524118,1.84857,-0.324455,-0.061838,-0.643298,1.70514,0.78,1,1000015378309897800,0.9999,-0.00260894,-0.013909,0,0.00261115,0.999997,0.000141284,0,0.0139086,-0.000177588,0.999903,0,-0.0632734,0.000165093,0.000880157,1,2,0.502583,0.487419,0.875166,0.875166,5.20662,0.24839,-0.0876499,8.36841,-5.27394e-05,-1.00255e-05,4.3879,-0.525412,13,1,860160,896,832,640
1,1,42996,3,7,0.1229,0.129356,0.983953,0,-0.0937127,0.988551,-0.118255,0,-0.987985,-0.0776753,0.133615,0,0.235863,0.502729,0.66349,1,1000015378321008800,7.05796,0.01,4972,0.94914,1,1.25274,0.64112,0.235227,0.123654,0.193153,0.651026,0.155823,0.0942861,0.256904,0.648825,1.85362,-0.634149,-0.219467,-0.523986,1.84795,-0.323959,-0.0619118,-0.643558,1.70547,0.78,1,1000015378321008800,0.9999,-0.00260894,-0.013909,0,0.00261115,0.999997,0.000141284,0,0.0139086,-0.000177588,0.999903,0,-0.0632734,0.000165093,0.000880157,1,2,0.502583,0.487419,0.875166,0.875166,5.20662,0.24839,-0.0876499,8.36841,-5.27394e-05,-1.00255e-05,4.3879,-0.525412,13,1,860160,896,832,640
1,1,42997,3,7,0.153984,0.125521,0.980068,0,-0.100179,0.98877,-0.110896,0,-0.982982,-0.0811057,0.16483,0,0.235863,0.502729,0.66349,1,1000015378332120100,7.05816,0.01,4967,0.94894,1,1.25496,0.64112,0.235227,0.123654,0.193153,0.651026,0.155823,0.0942861,0.256904,0.648825,1.85793,-0.638355,-0.219571,-0.523967,1.84737,-0.323402,-0.0619765,-0.643442,1.70542,0.78,1,1000015378332120100,0.9999,-0.00260894,-0.013909,0,0.00261115,0.999997,0.000141284,0,0.0139086,-0.000177588,0.999903,0,-0.0632734,0.000165093,0.000880157,1,2,0.502583,0.487419,0.875166,0.875166,5.20662,0.24839,-0.0876499,8.36841,-5.27394e-05,-1.00255e-05,4.3879,-0.525412,13,1,860160,896,832,640
1,1,42998,3,7,0.184061,0.123554,0.975118,0,-0.106631,0.988723,-0.10515,0,-0.977114,-0.0846243,0.19516,0,0.235863,0.502729,0.66349,1,1000015378343231100,7.05937,0.01,4963,0.948824,1,1.25689,0.64112,0.235227,0.123654,0.193153,0.651026,0.155823,0.0942861,0.256904,0.648825,1.86111,-0.641414,-0.2197,-0.524202,1.84704,-0.32284,-0.0620711,-0.643545,1.70562,0.78,1,1000015378343231100,0.9999,-0.00260894,-0.013909,0,0.00261115,0.999997,0.000141284,0,0.0139086,-0.000177588,0.999903,0,-0.0632734,0.000165093,0.000880157,1,2,0.502583,0.487419,0.875166,0.875166,5.20662,0.24839,-0.0876499,8.36841,-5.27394e-05,-1.00255e-05,4.3879,-0.525412,13,1,860160,896,832,640
1,1,42999,3,7,0.213565,0.122881,0.96917,0,-0.111646,0.988628,-0.100746,0,-0.970528,-0.0866878,0.224856,0,0.235863,0.502729,0.66349,1,1000015378354342200,7.06112,0.01,4958,0.94863,1,1.25901,0.64112,0.235227,0.123654,0.193153,0.651026,0.155823,0.0942861,0.256904,0.648825,1.8643,-0.644318,-0.219979,-0.524621,1.84675,-0.322133,-0.062229,-0.643483,1.70571,0.78,1,1000015378354342200,0.9999,-0.00260894,-0.013909,0,0.00261115,0.999997,0.000141284,0,0.0139086,-0.000177588,0.999903,0,-0.0632734,0.000165093,0.000880157,1,2,0.502583,0.487419,0.875166,0.875166,5.20662,0.24839,-0.0876499,8.36841,-5.27394e-05,-1.00255e-05,4.3879,-0.525412,13,1,860160,896,832,640
1,1,43000,3,7,0.241457,0.121801,0.962737,0,-0.115925,0.988608,-0.096,0,-0.963462,-0.0884255,0.252826,0,0.235863,0.502729,0.66349,1,1000015378365451700,7.06335,0.01,4951,0.948319,1,1.26165,0.64112,0.235227,0.123654,0.193153,0.651026,0.155823,0.0942861,0.256904,0.648825,1.86775,-0.647191,-0.220561,-0.52509,1.84643,-0.321341,-0.0624955,-0.64389,1.70639,0.78,1,1000015378365451700,0.9999,-0.00260894,-0.013909,0,0.00261115,0.999997,0.000141284,0,0.0139086,-0.000177588,0.999903,0,-0.0632734,0.000165093,0.000880157,1,2,0.502583,0.487419,0.875166,0.875166,5.20662,0.24839,-0.0876499,8.36841,-5.27394e-05,-1.00255e-05,4.3879,-0.525412,13,1,860160,896,832,640
1,1,43001,3,7,0.26776,0.121545,0.955788,0,-0.118822,0.988604,-0.0924309,0,-0.956131,-0.0888197,0.279151,0,0.235863,0.502729,0.66349,1,1000015378376562700,7.06606,0.01,4945,0.947902,1,1.26421,0.64112,0.235227,0.123654,0.193153,0.651026,0.155823,0.0942861,0.256904,0.648825,1.87111,-0.650224,-0.220886,-0.525427,1.8461,-0.320676,-0.0626662,-0.644203,1.70687,0.78,1,1000015378376562700,0.9999,-0.00260894,-0.013909,0,0.00261115,0.999997,0.000141284,0,0.0139086,-0.000177588,0.999903,0,-0.0632734,0.000165093,0.000880157,1,2,0.502583,0.487419,0.875166,0.875166,5.20662,0.24839,-0.0876499,8.36841,-5.27394e-05,-1.00255e-05,4.3879,-0.525412,13,1,860160,896,832,640
1,1,43002,3,7,0.292263,0.121856,0.948543,0,-0.121515,0.988541,-0.0895541,0,-0.948586,-0.0890887,0.303722,0,0.235863,0.502729,0.66349,1,1000015378387673900,7.06903,0.01,4939,0.947567,1,1.26645,0.64112,0.235227,0.123654,0.193153,0.651026,0.155823,0.0942861,0.256904,0.648825,1.87274,-0.651386,-0.221354,-0.526351,1.84617,-0.31982,-0.0629215,-0.643991,1.70691,0.78,1,1000015378387673900,0.9999,-0.00260894,-0.013909,0,0.00261115,0.999997,0.000141284,0,0.0139086,-0.000177588,0.999903,0,-0.0632734,0.000165093,0.000880157,1,2,0.502583,0.487419,0.875166,0.875166,5.20662,0.24839,-0.0876499,8.36841,-5.27394e-05,-1.00255e-05,4.3879,-0.525412,13,1,860160,896,832,640
1,1,43003,3,7,0.314926,0.121999,0.941243,0,-0.124382,0.988457,-0.0865018,0,-0.940931,-0.089832,0.326465,0,0.235863,0.502729,0.66349,1,1000015378398784800,7.07205,0.01,4932,0.947111,1,1.26883,0.64112,0.235227,0.123654,0.193153,0.651026,0.155823,0.0942861,0.256904,0.648825,1.87386,-0.651997,-0.221867,-0.527473,1.84638,-0.318908,-0.0632109,-0.643943,1.70716,0.78,1,1000015378398784800,0.9999,-0.00260894,-0.013909,0,0.00261115,0.999997,0.000141284,0,0.0139086,-0.000177588,0.999903,0,-0.0632734,0.000165093,0.000880157,1,2,0.502583,0.487419,0.875166,0.875166,5.20662,0.24839,-0.0876499,8.36841,-5.27394e-05,-1.00255e-05,4.3879,-0.525412,13,1,860160,896,832,640
1,1,43004,3,7,0.336655,0.121143,0.933803,0,-0.126956,0.988474,-0.0824651,0,-0.93303,-0.0907892,0.348155,0,0.235863,0.502729,0.66349,1,1000015378409893800,7.07556,0.01,4926,0.946742,1,1.27114,0.64112,0.235227,0.123654,0.193153,0.651026,0.155823,0.0942861,0.256904,0.648825,1.87612,-0.653921,-0.222197,-0.528161,1.84632,-0.318156,-0.0634091,-0.644055,1.70747,0.78,1,1000015378409893800,0.9999,-0.00260894,-0.013909,0,0.00261115,0.999997,0.000141284,0,0.0139086,-0.000177588,0.999903,0,-0.0632734,0.000165093,0.000880157,1,2,0.502583,0.487419,0.875166,0.875166,5.20662,0.24839,-0.0876499,8.36841,-5.27394e-05,-1.00255e-05,4.3879,-0.525412,13,1,860160,896,832,640
1,1,43005,3,7,0.357986,0.118975,0.926116,0,-0.127823,0.988756,-0.0776128,0,-0.924936,-0.0905943,0.369169,0,0.235863,0.502729,0.66349,1,1000015378421004700,7.07933,0.01,4920,0.946405,1,1.27339,0.64112,0.235227,0.123654,0.193153,0.651026,0.155823,0.0942861,0.256904,0.648825,1.87734,-0.654714,-0.222627,-0.529057,1.84644,-0.317383,-0.0636491,-0.644004,1.70766,0.78,1,1000015378421004700,0.9999,-0.00260894,-0.013909,0,0.00261115,0.999997,0.000141284,0,0.0139086,-0.000177588,0.999903,0,-0.0632734,0.000165093,0.000880157,1,2,0.502583,0.487419,0.875166,0.875166,5.20662,0.24839,-0.0876499,8.36841,-5.27394e-05,-1.00255e-05,4.3879,-0.525412,13,1,860160,896,832,640
1,1,43006,3,7,0.377952,0.116076,0.91852,0,-0.126774,0.989253,-0.0728497,0,-0.917104,-0.0889108,0.388606,0,0.235863,0.502729,0.66349,1,1000015378432113300,7.08357,0.01,4915,0.946088,1,1.27545,0.64112,0.235227,0.123654,0.193153,0.651026,0.155823,0.0942861,0.256904,0.648825,1.87831,-0.655214,-0.223097,-0.52998,1.84659,-0.316613,-0.0638999,-0.643831,1.70773,0.78,1,1000015378432113300,0.9999,-0.00260894,-0.013909,0,0.00261115,0.999997,0.000141284,0,0.0139086,-0.000177588,0.999903,0,-0.0632734,0.000165093,0.000880157,1,2,0.502583,0.487419,0.875166,0.875166,5.20662,0.24839,-0.0876499,8.36841,-5.27394e-05,-1.00255e-05,4.3879,-0.525412,13,1,860160,896,832,640
1,1,43007,3,7,0.39636,0.113253,0.911083,0,-0.124514,0.989825,-0.0688725,0,-0.909612,-0.0861444,0.406429,0,0.235863,0.502729,0.66349,1,1000015378443221800,7.08791,0.01,4910,0.945862,1,1.27734,0.64112,0.235227,0.123654,0.193153,0.651026,0.155823,0.0942861,0.256904,0.648825,1.8799,-0.656458,-0.223439,-0.530634,1.84659,-0.315957,-0.0640899,-0.643807,1.7079,0.78,1,1000015378443221800,0.9999,-0.00260894,-0.013909,0,0.00261115,0.999997,0.000141284,0,0.0139086,-0.000177588,0.999903,0,-0.0632734,0.000165093,0.000880157,1,2,0.502583,0.487419,0.875166,0.875166,5.20662,0.24839,-0.0876499,8.36841,-5.27394e-05,-1.00255e-05,4.3879,-0.525412,13,1,860160,896,832,640
1,1,43008,3,7,0.41332,0.111358,0.903751,0,-0.121787,0.990337,-0.0663295,0,-0.902405,-0.0826499,0.422888,0,0.235863,0.502729,0.66349,1,1000015378454330100,7.09254,0.01,4905,0.94557,1,1.27923,0.64112,0.235227,0.123654,0.193153,0.651026,0.155823,0.0942861,0.256904,0.648825,1.87926,-0.655264,-0.223994,-0.531931,1.84709,-0.315155,-0.0643963,-0.643757,1.70816,0.78,1,1000015378454330100,0.9999,-0.00260894,-0.013909,0,0.00261115,0.999997,0.000141284,0,0.0139086,-0.000177588,0.999903,0,-0.0632734,0.000165093,0.000880157,1,2,0.502583,0.487419,0.875166,0.875166,5.20662,0.24839,-0.0876499,8.36841,-5.27394e-05,-1.00255e-05,4.3879,-0.525412,13,1,860160,896,832,640
1,1,43009,3,7,0.428974,0.110517,0.896531,0,-0.118713,0.990777,-0.0653325,0,-0.895482,-0.0784039,0.438137,0,0.235863,0.502729,0.66349,1,1000015378465440800,7.09704,0.01,4901,0.945413,1,1.28113,0.64112,0.235227,0.123654,0.193153,0.651026,0.155823,0.0942861,0.256904,0.648825,1.87931,-0.654842,-0.22447,-0.532988,1.84741,-0.314426,-0.0646583,-0.643727,1.70839,0.78,1,1000015378465440800,0.9999,-0.00260894,-0.013909,0,0.00261115,0.999997,0.000141284,0,0.0139086,-0.000177588,0.999903,0,-0.0632734,0.000165093,0.000880157,1,2,0.502583,0.487419,0.875166,0.875166,5.20662,0.24839,-0.0876499,8.36841,-5.27394e-05,-1.00255e-05,4.3879,-0.525412,13,1,860160,896,832,640
1,1,43010,3,7,0.443592,0.110636,0.889374,0,-0.115353,0.991145,-0.0657616,0,-0.888774,-0.0734203,0.452427,0,0.235863,0.502729,0.66349,1,1000015378476546200,7.10099,0.01,4897,0.945231,1,1.28294,0.64112,0.235227,0.123654,0.193153,0.651026,0.155823,0.0942861,0.256904,0.648825,1.87879,-0.65374,-0.225046,-0.53431,1.8479,-0.313593,-0.0649759,-0.643727,1.70871,0.78,1,1000015378476546200,0.9999,-0.00260894,-0.013909,0,0.00261115,0.999997,0.000141284,0,0.0139086,-0.000177588,0.999903,0,-0.0632734,0.000165093,0.000880157,1,2,0.502583,0.487419,0.875166,0.875166,5.20662,0.24839,-0.0876499,8.36841,-5.27394e-05,-1.00255e-05,4.3879,-0.525412,13,1,860160,896,832,640
1,1,43011,3,7,0.457187,0.111271,0.882382,0,-0.111754,0.991466,-0.067124,0,-0.882321,-0.0679213,0.465721,0,0.235863,0.502729,0.66349,1,1000015378487653900,7.10654,0.01,4893,0.945069,1,1.28465,0.64112,0.235227,0.123654,0.193153,0.651026,0.155823,0.0942861,0.256904,0.648825,1.87884,-0.653398,-0.225446,-0.535162,1.84816,-0.312998,-0.0651909,-0.643643,1.70884,0.78,1,1000015378487653900,0.9999,-0.00260894,-0.013909,0,0.00261115,0.999997,0.000141284,0,0.0139086,-0.000177588,0.999903,0,-0.0632734,0.000165093,0.000880157,1,2,0.502583,0.487419,0.875166,0.875166,5.20662,0.24839,-0.0876499,8.36841,-5.27394e-05,-1.00255e-05,4.3879,-0.525412,13,1,860160,896,832,640
1,1,43012,3,7,0.469607,0.111977,0.875746,0,-0.108189,0.991747,-0.0687944,0,-0.876222,-0.0624402,0.477846,0,0.235863,0.502729,0.66349,1,1000015378498758600,7.11204,0.01,4889,0.944852,1,1.28639,0.64112,0.235227,0.123654,0.193153,0.651026,0.155823,0.0942861,0.256904,0.648825,1.87808,-0.652223,-0.225856,-0.536087,1.84854,-0.312457,-0.0654094,-0.643493,1.70891,0.78,1,1000015378498758600,0.9999,-0.00260894,-0.013909,0,0.00261115,0.999997,0.000141284,0,0.0139086,-0.000177588,0.999903,0,-0.0632734,0.000165093,0.000880157,1,2,0.502583,0.487419,0.875166,0.875166,5.20662,0.24839,-0.0876499,8.36841,-5.27394e-05,-1.00255e-05,4.3879,-0.525412,13,1,860160,896,832,640
1,1,43013,3,7,0.480451,0.11238,0.869792,0,-0.104542,0.992024,-0.0704262,0,-0.870769,-0.0570934,0.488367,0,0.235863,0.502729,0.66349,1,1000015378509862800,7.11711,0.01,4884,0.944621,1,1.28829,0.64112,0.235227,0.123654,0.193153,0.651026,0.155823,0.0942861,0.256904,0.648825,1.87643,-0.650152,-0.226278,-0.537092,1.84907,-0.311974,-0.0656312,-0.643283,1.70892,0.78,1,1000015378509862800,0.9999,-0.00260894,-0.013909,0,0.00261115,0.999997,0.000141284,0,0.0139086,-0.000177588,0.999903,0,-0.0632734,0.000165093,0.000880157,1,2,0.502583,0.487419,0.875166,0.875166,5.20662,0.24839,-0.0876499,8.36841,-5.27394e-05,-1.00255e-05,4.3879,-0.525412,13,1,860160,896,832,640
1,1,43014,3,7,0.489571,0.11215,0.864721,0,-0.100603,0.992337,-0.0717438,0,-0.866141,-0.0518703,0.497102,0,0.235863,0.502729,0.66349,1,1000015378520966800,7.12224,0.01,4879,0.944218,1,1.29012,0.64112,0.235227,0.123654,0.193153,0.651026,0.155823,0.0942861,0.256904,0.648825,1.87419,-0.647329,-0.226863,-0.538286,1.84973,-0.311443,-0.0659251,-0.643413,1.70934,0.78,1,1000015378520966800,0.9999,-0.00260894,-0.013909,0,0.00261115,0.999997,0.000141284,0,0.0139086,-0.000177588,0.999903,0,-0.0632734,0.000165093,0.000880157,1,2,0.502583,0.487419,0.875166,0.875166,5.20662,0.24839,-0.0876499,8.36841,-5.27394e-05,-1.00255e-05,4.3879,-0.525412,13,1,860160,896,832,640
1,1,43015,3,7,0.496822,0.111186,0.860701,0,-0.0958668,0.992721,-0.0729033,0,-0.862541,-0.0462926,0.503865,0,0.235863,0.502729,0.66349,1,1000015378532064000,7.12693,0.01,4875,0.943984,1,1.29153,0.64112,0.235227,0.123654,0.193153,0.651026,0.155823,0.0942861,0.256904,0.648825,1.8723,-0.645025,-0.22728,-0.539355,1.85031,-0.310954,-0.0661516,-0.643258,1.70941,0.78,1,1000015378532064000,0.9999,-0.00260894,-0.013909,0,0.00261115,0.999997,0.000141284,0,0.0139086,-0.000177588,0.999903,0,-0.0632734,0.000165093,0.000880157,1,2,0.502583,0.487419,0.875166,0.875166,5.20662,0.24839,-0.0876499,8.36841,-5.27394e-05,-1.00255e-05,4.3879,-0.525412,13,1,860160,896,832,640
1,1,43016,3,7,0.502306,0.109702,0.857703,0,-0.0907472,0.99313,-0.0738786,0,-0.859915,-0.0407245,0.50881,0,0.235863,0.502729,0.66349,1,1000015378543163800,7.13135,0.01,4872,0.943802,1,1.29288,0.64112,0.235227,0.123654,0.193153,0.651026,0.155823,0.0942861,0.256904,0.648825,1.87152,-0.643892,-0.22763,-0.540195,1.85068,-0.310481,-0.0663431,-0.643182,1.70953,0.78,1,1000015378543163800,0.9999,-0.00260894,-0.013909,0,0.00261115,0.999997,0.000141284,0,0.0139086,-0.000177588,0.999903,0,-0.0632734,0.000165093,0.000880157,1,2,0.502583,0.487419,0.875166,0.875166,5.20662,0.24839,-0.0876499,8.36841,-5.27394e-05,-1.00255e-05,4.3879,-0.525412,13,1,860160,896,832,640
1,1,43017,3,7,0.506396,0.108317,0.855471,0,-0.0853623,0.993503,-0.0752636,0,-0.858065,-0.0349118,0.512352,0,0.235863,0.502729,0.66349,1,1000015378554256200,7.13557,0.01,4867,0.943465,1,1.29432,0.64112,0.235227,0.123654,0.193153,0.651026,0.155823,0.0942861,0.256904,0.648825,1.87096,-0.643017,-0.227942,-0.540955,1.85099,-0.310038,-0.0665172,-0.643162,1.70968,0.78,1,1000015378554256200,0.9999,-0.00260894,-0.013909,0,0.00261115,0.999997,0.000141284,0,0.0139086,-0.000177588,0.999903,0,-0.0632734,0.000165093,0.000880157,1,2,0.502583,0.487419,0.875166,0.875166,5.20662,0.24839,-0.0876499,8.36841,-5.27394e-05,-1.00255e-05,4.3879,-0.525412,13,1,860160,896,832,640
1,1,43018,3,7,0.509285,0.107704,0.853831,0,-0.0803171,0.993756,-0.077448,0,-0.856842,-0.0291342,0.514756,0,0.235863,0.502729,0.66349,1,1000015378565340900,7.13974,0.01,4864,0.943199,1,1.29546,0.64112,0.235227,0.123654,0.193153,0.651026,0.155823,0.0942861,0.256904,0.648825,1.86896,-0.640566,-0.228397,-0.542131,1.85163,-0.309496,-0.066768,-0.643106,1.70988,0.78,1,1000015378565340900,0.9999,-0.00260894,-0.013909,0,0.00261115,0.999997,0.000141284,0,0.0139086,-0.000177588,0.999903,0,-0.0632734,0.000165093,0.000880157,1,2,0.502583,0.487419,0.875166,0.875166,5.20662,0.24839,-0.0876499,8.36841,-5.27394e-05,-1.00255e-05,4.3879,-0.525412,13,1,860160,896,832,640
1,1,43019,3,7,0.510731,0.108311,0.852891,0,-0.076169,0.993832,-0.0805983,0,-0.85636,-0.0237999,0.51583,0,0.235863,0.502729,0.66349,1,1000015378576417200,7.14349,0.01,4860,0.942788,1,1.29661,0.64112,0.235227,0.123654,0.193153,0.651026,0.155823,0.0942861,0.256904,0.648825,1.86628,-0.637259,-0.229021,-0.543439,1.85239,-0.308946,-0.0670823,-0.643233,1.71032,0.78,1,1000015378576417200,0.9999,-0.00260894,-0.013909,0,0.00261115,0.999997,0.000141284,0,0.0139086,-0.000177588,0.999903,0,-0.0632734,0.000165093,0.000880157,1,2,0.502583,0.487419,0.875166,0.875166,5.20662,0.24839,-0.0876499,8.36841,-5.27394e-05,-1.00255e-05,4.3879,-0.525412,13,1,860160,896,832,640
1,1,43020,3,7,0.510595,0.109879,0.852772,0,-0.0730857,0.993758,-0.0842847,0,-0.85671,-0.0192901,0.515438,0,0.235863,0.502729,0.66349,1,1000015378587452200,7.14689,0.01,4856,0.942384,1,1.29747,0.64112,0.235227,0.123654,0.193153,0.651026,0.155823,0.0942861,0.256904,0.648825,1.86387,-0.634213,-0.229661,-0.544754,1.85311,-0.308351,-0.0674038,-0.643315,1.71072,0.78,1,1000015378587452200,0.9999,-0.00260894,-0.013909,0,0.00261115,0.999997,0.000141284,0,0.0139086,-0.000177588,0.999903,0,-0.0632734,0.000165093,0.000880157,1,2,0.502583,0.487419,0.875166,0.875166,5.20662,0.24839,-0.0876499,8.36841,-5.27394e-05,-1.00255e-05,4.3879,-0.525412,13,1,860160,896,832,640
1,1,43021,3,7,0.508697,0.111866,0.853647,0,-0.0706454,0.993603,-0.088108,0,-0.858042,-0.0154859,0.513345,0,0.235863,0.502729,0.66349,1,1000015378598438600,7.15024,0.01,4851,0.941847,1,1.29841,0.64112,0.235227,0.123654,0.193153,0.651026,0.155823,0.0942861,0.256904,0.648825,1.86161,-0.631397,-0.23021,-0.545902,1.85376,-0.307855,-0.0676804,-0.6434,1.71109,0.78,1,1000015378598438600,0.9999,-0.00260894,-0.013909,0,0.00261115,0.999997,0.000141284,0,0.0139086,-0.000177588,0.999903,0,-0.0632734,0.000165093,0.000880157,1,2,0.502583,0.487419,0.875166,0.875166,5.20662,0.24839,-0.0876499,8.36841,-5.27394e-05,-1.00255e-05,4.3879,-0.525412,13,1,860160,896,832,640
1,1,43022,3,7,0.505124,0.113461,0.855556,0,-0.068324,0.993467,-0.0914117,0,-0.860338,-0.0122808,0.509576,0,0.235863,0.502729,0.66349,1,1000015378609376900,7.15338,0.01,4847,0.941391,1,1.2994,0.64112,0.235227,0.123654,0.193153,0.651026,0.155823,0.0942861,0.256904,0.648825,1.86005,-0.629371,-0.23068,-0.546839,1.85425,-0.307411,-0.0679158,-0.64349,1.71141,0.78,1,1000015378609376900,0.9999,-0.00260894,-0.013909,0,0.00261115,0.999997,0.000141284,0,0.0139086,-0.000177588,0.999903,0,-0.0632734,0.000165093,0.000880157,1,2,0.502583,0.487419,0.875166,0.875166,5.20662,0.24839,-0.0876499,8.36841,-5.27394e-05,-1.00255e-05,4.3879,-0.525412,13,1,860160,896,832,640
1,1,43023,3,7,0.498307,0.114329,0.85943,0,-0.0651307,0.993403,-0.0943881,0,-0.864551,-0.00894106,0.502465,0,0.235863,0.502729,0.66349,1,1000015378622837000,7.15892,0.01,4842,0.940799,1,1.30042,0.64112,0.235227,0.123654,0.193153,0.651026,0.155823,0.0942861,0.256904,0.648825,1.85786,-0.626769,-0.231091,-0.547974,1.85489,-0.30692,-0.0681442,-0.643296,1.71144,0.78,1,1000015378622837000,0.9999,-0.00260894,-0.013909,0,0.00261115,0.999997,0.000141284,0,0.0139086,-0.000177588,0.999903,0,-0.0632734,0.000165093,0.000880157,1,2,0.502583,0.487419,0.875166,0.875166,5.20662,0.24839,-0.0876499,8.36841,-5.27394e-05,-1.00255e-05,4.3879,-0.525412,13,1,860160,896,832,640
1,1,43024,3,7,0.492104,0.114473,0.862977,0,-0.0627662,0.993402,-0.0959823,0,-0.868271,-0.0069326,0.496042,0,0.235863,0.502729,0.66349,1,1000015378632149200,7.16576,0.01,4839,0.940433,1,1.30111,0.64112,0.235227,0.123654,0.193153,0.651026,0.155823,0.0942861,0.256904,0.648825,1.85771,-0.626452,-0.231259,-0.548439,1.85506,-0.306623,-0.0682443,-0.643219,1.71147,0.78,1,1000015378632149200,0.9999,-0.00260894,-0.013909,0,0.00261115,0.999997,0.000141284,0,0.0139086,-0.000177588,0.999903,0,-0.0632734,0.000165093,0.000880157,1,2,0.502583,0.487419,0.875166,0.875166,5.20662,0.24839,-0.0876499,8.36841,-5.27394e-05,-1.00255e-05,4.3879,-0.525412,13,1,860160,896,832,640
1,1,43025,3,7,0.483077,0.114705,0.868032,0,-0.0602386,0.993387,-0.0977461,0,-0.873503,-0.00507004,0.486792,0,0.235863,0.502729,0.66349,1,1000015378643261900,7.17196,0.01,4836,0.940076,1,1.30199,0.64112,0.235227,0.123654,0.193153,0.651026,0.155823,0.0942861,0.256904,0.648825,1.85715,-0.625712,-0.231444,-0.548737,1.85523,-0.306492,-0.0683324,-0.643406,1.71174,0.78,1,1000015378643261900,0.9999,-0.00260894,-0.013909,0,0.00261115,0.999997,0.000141284,0,0.0139086,-0.000177588,0.999903,0,-0.0632734,0.000165093,0.000880157,1,2,0.502583,0.487419,0.875166,0.875166,5.20662,0.24839,-0.0876499,8.36841,-5.27394e-05,-1.00255e-05,4.3879,-0.525412,13,1,860160,896,832,640
1,1,43026,3,7,0.471638,0.115582,0.874184,0,-0.0583765,0.99329,-0.099835,0,-0.879858,-0.00394574,0.475221,0,0.235863,0.502729,0.66349,1,1000015378655047700,7.17852,0.01,4833,0.939788,1,1.30272,0.64112,0.235227,0.123654,0.193153,0.651026,0.155823,0.0942861,0.256904,0.648825,1.85695,-0.625336,-0.231612,-0.548976,1.85533,-0.306356,-0.0684114,-0.643576,1.71199,0.78,1,1000015378655047700,0.9999,-0.00260894,-0.013909,0,0.00261115,0.999997,0.000141284,0,0.0139086,-0.000177588,0.999903,0,-0.0632734,0.000165093,0.000880157,1,2,0.502583,0.487419,0.875166,0.875166,5.20662,0.24839,-0.0876499,8.36841,-5.27394e-05,-1.00255e-05,4.3879,-0.525412,13,1,860160,896,832,640
1,1,43027,3,7,0.459351,0.117177,0.880492,0,-0.0575251,0.993104,-0.102153,0,-0.88639,-0.00372629,0.462924,0,0.235863,0.502729,0.66349,1,1000015378665784900,7.18504,0.01,4832,0.939608,1,1.30294,0.64112,0.235227,0.123654,0.193153,0.651026,0.155823,0.0942861,0.256904,0.648825,1.85464,-0.622754,-0.231888,-0.549621,1.85583,-0.306212,-0.0685478,-0.643614,1.71217,0.78,1,1000015378665784900,0.9999,-0.00260894,-0.013909,0,0.00261115,0.999997,0.000141284,0,0.0139086,-0.000177588,0.999903,0,-0.0632734,0.000165093,0.000880157,1,2,0.502583,0.487419,0.875166,0.875166,5.20662,0.24839,-0.0876499,8.36841,-5.27394e-05,-1.00255e-05,4.3879,-0.525412,13,1,860160,896,832,640
1,1,43028,3,7,0.445569,0.119425,0.887246,0,-0.0570772,0.992836,-0.104974,0,-0.893426,-0.00386857,0.449193,0,0.235863,0.502729,0.66349,1,1000015378676548300,7.19217,0.01,4831,0.939509,1,1.30305,0.64112,0.235227,0.123654,0.193153,0.651026,0.155823,0.0942861,0.256904,0.648825,1.85393,-0.622109,-0.23182,-0.549718,1.85597,-0.306248,-0.0685299,-0.643515,1.71205,0.78,1,1000015378676548300,0.9999,-0.00260894,-0.013909,0,0.00261115,0.999997,0.000141284,0,0.0139086,-0.000177588,0.999903,0,-0.0632734,0.000165093,0.000880157,1,2,0.502583,0.487419,0.875166,0.875166,5.20662,0.24839,-0.0876499,8.36841,-5.27394e-05,-1.00255e-05,4.3879,-0.525412,13,1,860160,896,832,640
1,1,43029,3,7,0.4304,0.122159,0.894334,0,-0.0566088,0.992502,-0.108325,0,-0.900861,-0.004004,0.434089,0,0.235863,0.502729,0.66349,1,1000015378687297600,7.19948,0.01,4831,0.939561,1,1.30289,0.64112,0.235227,0.123654,0.193153,0.651026,0.155823,0.0942861,0.256904,0.648825,1.85348,-0.621745,-0.231734,-0.549741,1.85604,-0.306301,-0.0685007,-0.643439,1.71194,0.78,1,1000015378687297600,0.9999,-0.00260894,-0.013909,0,0.00261115,0.999997,0.000141284,0,0.0139086,-0.000177588,0.999903,0,-0.0632734,0.000165093,0.000880157,1,2,0.502583,0.487419,0.875166,0.875166,5.20662,0.24839,-0.0876499,8.36841,-5.27394e-05,-1.00255e-05,4.3879,-0.525412,13,1,860160,896,832,640
1,1,43030,3,7,0.413812,0.125283,0.901701,0,-0.0557547,0.992114,-0.112258,0,-0.908654,-0.00382036,0.417533,0,0.235863,0.502729,0.66349,1,1000015378698157200,7.2071,0.01,4833,0.939732,1,1.30257,0.64112,0.235227,0.123654,0.193153,0.651026,0.155823,0.0942861,0.256904,0.648825,1.8522,-0.620547,-0.231652,-0.54985,1.85625,-0.306404,-0.0684756,-0.643363,1.71184,0.78,1,1000015378698157200,0.9999,-0.00260894,-0.013909,0,0.00261115,0.999997,0.000141284,0,0.0139086,-0.000177588,0.999903,0,-0.0632734,0.000165093,0.000880157,1,2,0.502583,0.487419,0.875166,0.875166,5.20662,0.24839,-0.0876499,8.36841,-5.27394e-05,-1.00255e-05,4.3879,-0.525412,13,1,860160,896,832,640
1,1,43031,3,7,0.39601,0.128771,0.909172,0,-0.0549026,0.991667,-0.116541,0,-0.916603,-0.00376457,0.39978,0,0.235863,0.502729,0.66349,1,1000015378709016600,7.21506,0.01,4834,0.93986,1,1.3023,0.64112,0.235227,0.123654,0.193153,0.651026,0.155823,0.0942861,0.256904,0.648825,1.85109,-0.619612,-0.231481,-0.549724,1.85636,-0.306641,-0.0683978,-0.643244,1.71165,0.78,1,1000015378709016600,0.9999,-0.00260894,-0.013909,0,0.00261115,0.999997,0.000141284,0,0.0139086,-0.000177588,0.999903,0,-0.0632734,0.000165093,0.000880157,1,2,0.502583,0.487419,0.875166,0.875166,5.20662,0.24839,-0.0876499,8.36841,-5.27394e-05,-1.00255e-05,4.3879,-0.525412,13,1,860160,896,832,640
1,1,43032,3,7,0.376838,0.132679,0.916727,0,-0.0543652,0.99115,-0.121102,0,-0.924682,-0.00420205,0.380717,0,0.235863,0.502729,0.66349,1,1000015378719880800,7.22314,0.01,4835,0.939958,1,1.30181,0.64112,0.235227,0.123654,0.193153,0.651026,0.155823,0.0942861,0.256904,0.648825,1.85207,-0.62087,-0.231204,-0.549178,1.85607,-0.306891,-0.0682606,-0.643205,1.71147,0.78,1,1000015378719880800,0.9999,-0.00260894,-0.013909,0,0.00261115,0.999997,0.000141284,0,0.0139086,-0.000177588,0.999903,0,-0.0632734,0.000165093,0.000880157,1,2,0.502583,0.487419,0.875166,0.875166,5.20662,0.24839,-0.0876499,8.36841,-5.27394e-05,-1.00255e-05,4.3879,-0.525412,13,1,860160,896,832,640
1,1,43033,3,7,0.356299,0.136966,0.924279,0,-0.054158,0.990562,-0.125911,0,-0.932801,-0.00519536,0.360354,0,0.235863,0.502729,0.66349,1,1000015378730750100,7.23177,0.01,4838,0.940311,1,1.3012,0.64112,0.235227,0.123654,0.193153,0.651026,0.155823,0.0942861,0.256904,0.648825,1.85388,-0.622944,-0.230935,-0.548528,1.85563,-0.307099,-0.0681209,-0.64314,1.71127,0.78,1,1000015378730750100,0.9999,-0.00260894,-0.013909,0,0.00261115,0.999997,0.000141284,0,0.0139086,-0.000177588,0.999903,0,-0.0632734,0.000165093,0.000880157,1,2,0.502583,0.487419,0.875166,0.875166,5.20662,0.24839,-0.0876499,8.36841,-5.27394e-05,-1.00255e-05,4.3879,-0.525412,13,1,860160,896,832,640
1,1,43034,3,7,0.334314,0.141219,0.931821,0,-0.0538788,0.989957,-0.1307,0,-0.94092,-0.00651064,0.338565,0,0.235863,0.502729,0.66349,1,1000015378741619600,7.24085,0.01,4839,0.940412,1,1.30093,0.64112,0.235227,0.123654,0.193153,0.651026,0.155823,0.0942861,0.256904,0.648825,1.85553,-0.62465,-0.230879,-0.548089,1.85527,-0.30718,-0.0680735,-0.643371,1.71145,0.78,1,1000015378741619600,0.9999,-0.00260894,-0.013909,0,0.00261115,0.999997,0.000141284,0,0.0139086,-0.000177588,0.999903,0,-0.0632734,0.000165093,0.000880157,1,2,0.502583,0.487419,0.875166,0.875166,5.20662,0.24839,-0.0876499,8.36841,-5.27394e-05,-1.00255e-05,4.3879,-0.525412,13,1,860160,896,832,640
1,1,43035,3,7,0.310666,0.145217,0.939361,0,-0.0532822,0.989367,-0.135326,0,-0.949025,-0.00800989,0.3151,0,0.235863,0.502729,0.66349,1,1000015378752621800,7.25072,0.01,4841,0.94054,1,1.30057,0.64112,0.235227,0.123654,0.193153,0.651026,0.155823,0.0942861,0.256904,0.648825,1.85741,-0.626779,-0.230633,-0.547575,1.85488,-0.3073,-0.0679596,-0.64348,1.71144,0.78,1,1000015378752621800,0.9999,-0.00260894,-0.013909,0,0.00261115,0.999997,0.000141284,0,0.0139086,-0.000177588,0.999903,0,-0.0632734,0.000165093,0.000880157,1,2,0.502583,0.487419,0.875166,0.875166,5.20662,0.24839,-0.0876499,8.36841,-5.27394e-05,-1.00255e-05,4.3879,-0.525412,13,1,860160,896,832,640
1,1,43036,3,7,0.285366,0.148608,0.946827,0,-0.0522007,0.988849,-0.13947,0,-0.956996,-0.00962507,0.289941,0,0.235863,0.502729,0.66349,1,1000015378763629200,7.25866,0.01,4842,0.94069,1,1.3001,0.64112,0.235227,0.123654,0.193153,0.651026,0.155823,0.0942861,0.256904,0.648825,1.85923,-0.628751,-0.230481,-0.54693,1.85443,-0.3075,-0.0678614,-0.643687,1.71155,0.78,1,1000015378763629200,0.9999,-0.00260894,-0.013909,0,0.00261115,0.999997,0.000141284,0,0.0139086,-0.000177588,0.999903,0,-0.0632734,0.000165093,0.000880157,1,2,0.502583,0.487419,0.875166,0.875166,5.20662,0.24839,-0.0876499,8.36841,-5.27394e-05,-1.00255e-05,4.3879,-0.525412,13,1,860160,896,832,640
1,1,43037,3,7,0.258282,0.151345,0.954141,0,-0.0505596,0.988417,-0.143096,0,-0.964746,-0.0112819,0.262943,0,0.235863,0.502729,0.66349,1,1000015378774647400,7.26723,0.01,4845,0.940989,1,1.29925,0.64112,0.235227,0.123654,0.193153,0.651026,0.155823,0.0942861,0.256904,0.648825,1.86149,-0.631318,-0.230168,-0.545945,1.85382,-0.307877,-0.0676802,-0.643905,1.71159,0.78,1,1000015378774647400,0.9999,-0.00260894,-0.013909,0,0.00261115,0.999997,0.000141284,0,0.0139086,-0.000177588,0.999903,0,-0.0632734,0.000165093,0.000880157,1,2,0.502583,0.487419,0.875166,0.875166,5.20662,0.24839,-0.0876499,8.36841,-5.27394e-05,-1.00255e-05,4.3879,-0.525412,13,1,860160,896,832,640
1,1,43038,3,7,0.22754,0.153712,0.96156,0,-0.0480851,0.988032,-0.146565,0,-0.972581,-0.0128873,0.232208,0,0.235863,0.502729,0.66349,1,1000015378786437900,7.27303,0.01,4847,0.941409,1,1.29954,0.64112,0.235227,0.123654,0.193153,0.651026,0.155823,0.0942861,0.256904,0.648825,1.8672,-0.637518,-0.229681,-0.544022,1.85246,-0.308434,-0.0673768,-0.644399,1.71178,0.78,1,1000015378786437900,0.9999,-0.00260894,-0.013909,0,0.00261115,0.999997,0.000141284,0,0.0139086,-0.000177588,0.999903,0,-0.0632734,0.000165093,0.000880157,1,2,0.502583,0.487419,0.875166,0.875166,5.20662,0.24839,-0.0876499,8.36841,-5.27394e-05,-1.00255e-05,4.3879,-0.525412,13,1,860160,896,832,640
1,1,43039,3,7,0.198922,0.155922,0.967532,0,-0.0458022,0.987663,-0.14975,0,-0.978944,-0.0145266,0.203609,0,0.235863,0.502729,0.66349,1,1000015378796950500,7.27906,0.01,4849,0.941788,1,1.29929,0.64112,0.235227,0.123654,0.193153,0.651026,0.155823,0.0942861,0.256904,0.648825,1.87247,-0.643312,-0.229156,-0.542193,1.85119,-0.309002,-0.0670708,-0.645017,1.71209,0.78,1,1000015378796950500,0.9999,-0.00260894,-0.013909,0,0.00261115,0.999997,0.000141284,0,0.0139086,-0.000177588,0.999903,0,-0.0632734,0.000165093,0.000880157,1,2,0.502583,0.487419,0.875166,0.875166,5.20662,0.24839,-0.0876499,8.36841,-5.27394e-05,-1.00255e-05,4.3879,-0.525412,13,1,860160,896,832,640
1,1,43040,3,7,0.162757,0.159366,0.973711,0,-0.0430427,0.987077,-0.154359,0,-0.985727,-0.0167882,0.167513,0,0.235863,0.502729,0.66349,1,1000015378809781300,7.28293,0.01,4851,0.942227,1,1.29945,0.64112,0.235227,0.123654,0.193153,0.651026,0.155823,0.0942861,0.256904,0.648825,1.87814,-0.649771,-0.228372,-0.540073,1.84979,-0.309721,-0.0666514,-0.645344,1.712,0.78,1,1000015378809781300,0.9999,-0.00260894,-0.013909,0,0.00261115,0.999997,0.000141284,0,0.0139086,-0.000177588,0.999903,0,-0.0632734,0.000165093,0.000880157,1,2,0.502583,0.487419,0.875166,0.875166,5.20662,0.24839,-0.0876499,8.36841,-5.27394e-05,-1.00255e-05,4.3879,-0.525412,13,1,860160,896,832,640
1,1,43041,3,7,0.13242,0.16288,0.977719,0,-0.0407349,0.986467,-0.15882,0,-0.990356,-0.0187963,0.137263,0,0.235863,0.502729,0.66349,1,1000015378820261800,7.28598,0.01,4853,0.942412,1,1.29916,0.64112,0.235227,0.123654,0.193153,0.651026,0.155823,0.0942861,0.256904,0.648825,1.88159,-0.653386,-0.22821,-0.538765,1.8489,-0.310133,-0.0664947,-0.645766,1.71227,0.78,1,1000015378820261800,0.9999,-0.00260894,-0.013909,0,0.00261115,0.999997,0.000141284,0,0.0139086,-0.000177588,0.999903,0,-0.0632734,0.000165093,0.000880157,1,2,0.502583,0.487419,0.875166,0.875166,5.20662,0.24839,-0.0876499,8.36841,-5.27394e-05,-1.00255e-05,4.3879,-0.525412,13,1,860160,896,832,640
1,1,43042,3,7,0.0988327,0.167267,0.980945,0,-0.0378546,0.98569,-0.164262,0,-0.994384,-0.0208988,0.10375,0,0.235863,0.502729,0.66349,1,1000015378831684500,7.2887,0.01,4856,0.942759,1,1.29839,0.64112,0.235227,0.123654,0.193153,0.651026,0.155823,0.0942861,0.256904,0.648825,1.88411,-0.65638,-0.227728,-0.537533,1.84818,-0.310644,-0.0662332,-0.645777,1.71202,0.78,1,1000015378831684500,0.9999,-0.00260894,-0.013909,0,0.00261115,0.999997,0.000141284,0,0.0139086,-0.000177588,0.999903,0,-0.0632734,0.000165093,0.000880157,1,2,0.502583,0.487419,0.875166,0.875166,5.20662,0.24839,-0.0876499,8.36841,-5.27394e-05,-1.00255e-05,4.3879,-0.525412,13,1,860160,896,832,640
1,1,43043,3,7,0.0649531,0.171774,0.982993,0,-0.0345642,0.984869,-0.169818,0,-0.99729,-0.0229461,0.0699076,0,0.235863,0.502729,0.66349,1,1000015378842929700,7.29034,0.01,4860,0.943193,1,1.29747,0.64112,0.235227,0.123654,0.193153,0.651026,0.155823,0.0942861,0.256904,0.648825,1.88543,-0.6579,-0.227532,-0.536744,1.84775,-0.311003,-0.0661014,-0.646,1.71211,0.78,1,1000015378842929700,0.9999,-0.00260894,-0.013909,0,0.00261115,0.999997,0.000141284,0,0.0139086,-0.000177588,0.999903,0,-0.0632734,0.000165093,0.000880157,1,2,0.502583,0.487419,0.875166,0.875166,5.20662,0.24839,-0.0876499,8.36841,-5.27394e-05,-1.00255e-05,4.3879,-0.525412,13,1,860160,896,832,640
1,1,43044,3,7,0.0304614,0.175895,0.983937,0,-0.0305735,0.984098,-0.174978,0,-0.999068,-0.0247523,0.0353547,0,0.235863,0.502729,0.66349,1,1000015378854101800,7.29092,0.01,4864,0.94363,1,1.29638,0.64112,0.235227,0.123654,0.193153,0.651026,0.155823,0.0942861,0.256904,0.648825,1.88525,-0.657911,-0.227341,-0.536383,1.84766,-0.311272,-0.0660003,-0.645922,1.71193,0.78,1,1000015378854101800,0.9999,-0.00260894,-0.013909,0,0.00261115,0.999997,0.000141284,0,0.0139086,-0.000177588,0.999903,0,-0.0632734,0.000165093,0.000880157,1,2,0.502583,0.487419,0.875166,0.875166,5.20662,0.24839,-0.0876499,8.36841,-5.27394e-05,-1.00255e-05,4.3879,-0.525412,13,1,860160,896,832,640
1,1,43045,3,7,-0.00459503,0.179343,0.983776,0,-0.0257299,0.983439,-0.179402,0,-0.999658,-0.0261368,9.55386e-05,0,0.235863,0.502729,0.66349,1,1000015378865263700,7.29083,0.01,4871,0.944381,1,1.29484,0.64112,0.235227,0.123654,0.193153,0.651026,0.155823,0.0942861,0.256904,0.648825,1.88805,-0.661616,-0.226436,-0.534711,1.84679,-0.312084,-0.0655644,-0.645993,1.71156,0.78,1,1000015378865263700,0.9999,-0.00260894,-0.013909,0,0.00261115,0.999997,0.000141284,0,0.0139086,-0.000177588,0.999903,0,-0.0632734,0.000165093,0.000880157,1,2,0.502583,0.487419,0.875166,0.875166,5.20662,0.24839,-0.0876499,8.36841,-5.27394e-05,-1.00255e-05,4.3879,-0.525412,13,1,860160,896,832,640
