streamFrame.type,streamframe.id,streamFrame.frameNumber,streamFrame.channels,streamFrame.dataFlags,streamFrame.hmdPose.value[0],streamFrame.hmdPose.value[1],streamFrame.hmdPose.value[2],streamFrame.hmdPose.value[3],streamFrame.hmdPose.value[4],streamFrame.hmdPose.value[5],streamFrame.hmdPose.value[6],streamFrame.hmdPose.value[7],streamFrame.hmdPose.value[8],streamFrame.hmdPose.value[9],streamFrame.hmdPose.value[10],streamFrame.hmdPose.value[11],streamFrame.hmdPose.value[12],streamFrame.hmdPose.value[13],streamFrame.hmdPose.value[14],streamFrame.hmdPose.value[15],streamFrame.metadata.distortedColor.timestamp,streamFrame.metadata.distortedColor.ev,streamFrame.metadata.distortedColor.exposuretime,streamFrame.metadata.distortedColor.whiteBalanceTemperature,streamFrame.metadata.distortedColor.wbNormalizationData.whiteBalanceColorGains[0],streamFrame.metadata.distortedColor.wbNormalizationData.whiteBalanceColorGains[1],streamFrame.metadata.distortedColor.wbNormalizationData.whiteBalanceColorGains[2],streamFrame.metadata.distortedColor.wbNormalizationData.invCCM.value[0],streamFrame.metadata.distortedColor.wbNormalizationData.invCCM.value[1],streamFrame.metadata.distortedColor.wbNormalizationData.invCCM.value[2],streamFrame.metadata.distortedColor.wbNormalizationData.invCCM.value[3],streamFrame.metadata.distortedColor.wbNormalizationData.invCCM.value[4],streamFrame.metadata.distortedColor.wbNormalizationData.invCCM.value[5],streamFrame.metadata.distortedColor.wbNormalizationData.invCCM.value[6],streamFrame.metadata.distortedColor.wbNormalizationData.invCCM.value[7],streamFrame.metadata.distortedColor.wbNormalizationData.invCCM.value[8],streamFrame.metadata.distortedColor.wbNormalizationData.ccm.value[0],streamFrame.metadata.distortedColor.wbNormalizationData.ccm.value[1],streamFrame.metadata.distortedColor.wbNormalizationData.ccm.value[2],streamFrame.metadata.distortedColor.wbNormalizationData.ccm.value[3],streamFrame.metadata.distortedColor.wbNormalizationData.ccm.value[4],streamFrame.metadata.distortedColor.wbNormalizationData.ccm.value[5],streamFrame.metadata.distortedColor.wbNormalizationData.ccm.value[6],streamFrame.metadata.distortedColor.wbNormalizationData.ccm.value[7],streamFrame.metadata.distortedColor.wbNormalizationData.ccm.value[8],streamFrame.metadata.distortedColor.cameraCalibrationConstant,channelIndex,timestamp,extrinsics.value[0],extrinsics.value[1],extrinsics.value[2],extrinsics.value[3],extrinsics.value[4],extrinsics.value[5],extrinsics.value[6],extrinsics.value[7],extrinsics.value[8],extrinsics.value[9],extrinsics.value[10],extrinsics.value[11],extrinsics.value[12],extrinsics.value[13],extrinsics.value[14],extrinsics.value[15],intrinsics.model,intrinsics.principalPointX,intrinsics.principalPointY,intrinsics.focalLengthX,intrinsics.focalLengthY,intrinsics.distortionCoefficients[0],intrinsics.distortionCoefficients[1],intrinsics.distortionCoefficients[2],intrinsics.distortionCoefficients[3],intrinsics.distortionCoefficients[4],intrinsics.distortionCoefficients[5],intrinsics.distortionCoefficients[6],intrinsics.distortionCoefficients[7],bufferMetadata.format,bufferMetadata.type,bufferMetadata.byteSize,bufferMetadata.rowStride,bufferMetadata.width,bufferMetadata.height
1,1,1,3,7,-0.706144,-0.00796438,-0.708023,0,0.00897105,0.999756,-0.0201933,0,0.708011,-0.0206111,-0.705901,0,-1.10929,0.356217,0.503153,1,1000012837333574700,6.9086,0.01,6295,1,1,1,0.64112,0.235227,0.123654,0.193153,0.651026,0.155823,0.0942861,0.256904,0.648825,1.75667,-0.555222,-0.201446,-0.508254,1.85749,-0.349234,-0.0540321,-0.654794,1.7088,0.78,1,1000012837333574700,0.9999,-0.00260894,-0.013909,0,0.00261115,0.999997,0.000141284,0,0.0139086,-0.000177588,0.999903,0,-0.0632734,0.000165093,0.000880157,1,2,0.502583,0.487419,0.875166,0.875166,5.20662,0.24839,-0.0876499,8.36841,-5.27394e-05,-1.00255e-05,4.3879,-0.525412,13,1,860160,896,832,640
1,1,2,3,7,-0.706131,-0.00795242,-0.708037,0,0.00900125,0.999755,-0.0202059,0,0.708024,-0.0206412,-0.705887,0,-1.10929,0.356217,0.503153,1,1000012837344678800,6.9086,0.01,6295,1,1,1,0.64112,0.235227,0.123654,0.193153,0.651026,0.155823,0.0942861,0.256904,0.648825,1.75667,-0.555222,-0.201446,-0.508254,1.85749,-0.349234,-0.0540321,-0.654794,1.7088,0.78,1,1000012837344678800,0.9999,-0.00260894,-0.013909,0,0.00261115,0.999997,0.000141284,0,0.0139086,-0.000177588,0.999903,0,-0.0632734,0.000165093,0.000880157,1,2,0.502583,0.487419,0.875166,0.875166,5.20662,0.24839,-0.0876499,8.36841,-5.27394e-05,-1.00255e-05,4.3879,-0.525412,13,1,860160,896,832,640
1,1,3,3,7,-0.706103,-0.00795067,-0.708064,0,0.00899013,0.999756,-0.0201912,0,0.708052,-0.0206227,-0.705859,0,-1.10929,0.356217,0.503153,1,1000012837355791800,6.9086,0.01,6295,1,1,1,0.64112,0.235227,0.123654,0.193153,0.651026,0.155823,0.0942861,0.256904,0.648825,1.75667,-0.555222,-0.201446,-0.508254,1.85749,-0.349234,-0.0540321,-0.654794,1.7088,0.78,1,1000012837355791800,0.9999,-0.00260894,-0.013909,0,0.00261115,0.999997,0.000141284,0,0.0139086,-0.000177588,0.999903,0,-0.0632734,0.000165093,0.000880157,1,2,0.502583,0.487419,0.875166,0.875166,5.20662,0.24839,-0.0876499,8.36841,-5.27394e-05,-1.00255e-05,4.3879,-0.525412,13,1,860160,896,832,640
1,1,4,3,7,-0.706131,-0.00794418,-0.708037,0,0.0089973,0.999756,-0.0201904,0,0.708024,-0.0206275,-0.705887,0,-1.10929,0.356217,0.503153,1,1000012837366903000,6.9086,0.01,6295,1,1,1,0.64112,0.235227,0.123654,0.193153,0.651026,0.155823,0.0942861,0.256904,0.648825,1.75667,-0.555222,-0.201446,-0.508254,1.85749,-0.349234,-0.0540321,-0.654794,1.7088,0.78,1,1000012837366903000,0.9999,-0.00260894,-0.013909,0,0.00261115,0.999997,0.000141284,0,0.0139086,-0.000177588,0.999903,0,-0.0632734,0.000165093,0.000880157,1,2,0.502583,0.487419,0.875166,0.875166,5.20662,0.24839,-0.0876499,8.36841,-5.27394e-05,-1.00255e-05,4.3879,-0.525412,13,1,860160,896,832,640
1,1,5,3,7,-0.706134,-0.00794493,-0.708034,0,0.00899297,0.999756,-0.0201872,0,0.708021,-0.0206222,-0.70589,0,-1.10929,0.356217,0.503153,1,1000012837378014200,6.9086,0.01,6295,1,1,1,0.64112,0.235227,0.123654,0.193153,0.651026,0.155823,0.0942861,0.256904,0.648825,1.75667,-0.555222,-0.201446,-0.508254,1.85749,-0.349234,-0.0540321,-0.654794,1.7088,0.78,1,1000012837378014200,0.9999,-0.00260894,-0.013909,0,0.00261115,0.999997,0.000141284,0,0.0139086,-0.000177588,0.999903,0,-0.0632734,0.000165093,0.000880157,1,2,0.502583,0.487419,0.875166,0.875166,5.20662,0.24839,-0.0876499,8.36841,-5.27394e-05,-1.00255e-05,4.3879,-0.525412,13,1,860160,896,832,640
1,1,6,3,7,-0.706142,-0.00794512,-0.708026,0,0.00899853,0.999756,-0.0201934,0,0.708013,-0.0206306,-0.705898,0,-1.10929,0.356217,0.503153,1,1000012837389125300,6.9086,0.01,6295,1,1,1,0.64112,0.235227,0.123654,0.193153,0.651026,0.155823,0.0942861,0.256904,0.648825,1.75667,-0.555222,-0.201446,-0.508254,1.85749,-0.349234,-0.0540321,-0.654794,1.7088,0.78,1,1000012837389125300,0.9999,-0.00260894,-0.013909,0,0.00261115,0.999997,0.000141284,0,0.0139086,-0.000177588,0.999903,0,-0.0632734,0.000165093,0.000880157,1,2,0.502583,0.487419,0.875166,0.875166,5.20662,0.24839,-0.0876499,8.36841,-5.27394e-05,-1.00255e-05,4.3879,-0.525412,13,1,860160,896,832,640
1,1,7,3,7,-0.706114,-0.00794216,-0.708054,0,0.00900946,0.999755,-0.0201989,0,0.708041,-0.0206419,-0.70587,0,-1.10929,0.356217,0.503153,1,1000012837400236600,6.9086,0.01,6295,1,1,1,0.64112,0.235227,0.123654,0.193153,0.651026,0.155823,0.0942861,0.256904,0.648825,1.75667,-0.555222,-0.201446,-0.508254,1.85749,-0.349234,-0.0540321,-0.654794,1.7088,0.78,1,1000012837400236600,0.9999,-0.00260894,-0.013909,0,0.00261115,0.999997,0.000141284,0,0.0139086,-0.000177588,0.999903,0,-0.0632734,0.000165093,0.000880157,1,2,0.502583,0.487419,0.875166,0.875166,5.20662,0.24839,-0.0876499,8.36841,-5.27394e-05,-1.00255e-05,4.3879,-0.525412,13,1,860160,896,832,640
1,1,8,3,7,-0.706107,-0.00793971,-0.70806,0,0.0090162,0.999755,-0.0202019,0,0.708047,-0.0206487,-0.705863,0,-1.10929,0.356217,0.503153,1,1000012837411347800,6.9086,0.01,6295,1,1,1,0.64112,0.235227,0.123654,0.193153,0.651026,0.155823,0.0942861,0.256904,0.648825,1.75667,-0.555222,-0.201446,-0.508254,1.85749,-0.349234,-0.0540321,-0.654794,1.7088,0.78,1,1000012837411347800,0.9999,-0.00260894,-0.013909,0,0.00261115,0.999997,0.000141284,0,0.0139086,-0.000177588,0.999903,0,-0.0632734,0.000165093,0.000880157,1,2,0.502583,0.487419,0.875166,0.875166,5.20662,0.24839,-0.0876499,8.36841,-5.27394e-05,-1.00255e-05,4.3879,-0.525412,13,1,860160,896,832,640
1,1,9,3,7,-0.706079,-0.00793063,-0.708089,0,0.0090304,0.999755,-0.0202021,0,0.708076,-0.0206586,-0.705834,0,-1.10929,0.356217,0.503153,1,1000012837422459100,6.9086,0.01,6295,1,1,1,0.64112,0.235227,0.123654,0.193153,0.651026,0.155823,0.0942861,0.256904,0.648825,1.75667,-0.555222,-0.201446,-0.508254,1.85749,-0.349234,-0.0540321,-0.654794,1.7088,0.78,1,1000012837422459100,0.9999,-0.00260894,-0.013909,0,0.00261115,0.999997,0.000141284,0,0.0139086,-0.000177588,0.999903,0,-0.0632734,0.000165093,0.000880157,1,2,0.502583,0.487419,0.875166,0.875166,5.20662,0.24839,-0.0876499,8.36841,-5.27394e-05,-1.00255e-05,4.3879,-0.525412,13,1,860160,896,832,640
1,1,10,3,7,-0.706091,-0.00791535,-0.708076,0,0.00904054,0.999755,-0.0201911,0,0.708063,-0.0206582,-0.705847,0,-1.10929,0.356217,0.503153,1,1000012837433570200,6.9086,0.01,6295,1,1,1,0.64112,0.235227,0.123654,0.193153,0.651026,0.155823,0.0942861,0.256904,0.648825,1.75667,-0.555222,-0.201446,-0.508254,1.85749,-0.349234,-0.0540321,-0.654794,1.7088,0.78,1,1000012837433570200,0.9999,-0.00260894,-0.013909,0,0.00261115,0.999997,0.000141284,0,0.0139086,-0.000177588,0.999903,0,-0.0632734,0.000165093,0.000880157,1,2,0.502583,0.487419,0.875166,0.875166,5.20662,0.24839,-0.0876499,8.36841,-5.27394e-05,-1.00255e-05,4.3879,-0.525412,13,1,860160,896,832,640
1,1,11,3,7,-0.706111,-0.00790878,-0.708057,0,0.00903932,0.999755,-0.0201814,0,0.708044,-0.0206507,-0.705866,0,-1.10929,0.356217,0.503153,1,1000012837444681400,6.9086,0.01,6295,1,1,1,0.64112,0.235227,0.123654,0.193153,0.651026,0.155823,0.0942861,0.256904,0.648825,1.75667,-0.555222,-0.201446,-0.508254,1.85749,-0.349234,-0.0540321,-0.654794,1.7088,0.78,1,1000012837444681400,0.9999,-0.00260894,-0.013909,0,0.00261115,0.999997,0.000141284,0,0.0139086,-0.000177588,0.999903,0,-0.0632734,0.000165093,0.000880157,1,2,0.502583,0.487419,0.875166,0.875166,5.20662,0.24839,-0.0876499,8.36841,-5.27394e-05,-1.00255e-05,4.3879,-0.525412,13,1,860160,896,832,640
1,1,12,3,7,-0.706068,-0.00791508,-0.708099,0,0.00904198,0.999755,-0.0201912,0,0.708086,-0.020659,-0.705824,0,-1.10929,0.356217,0.503153,1,1000012837455792700,6.9086,0.01,6295,1,1,1,0.64112,0.235227,0.123654,0.193153,0.651026,0.155823,0.0942861,0.256904,0.648825,1.75667,-0.555222,-0.201446,-0.508254,1.85749,-0.349234,-0.0540321,-0.654794,1.7088,0.78,1,1000012837455792700,0.9999,-0.00260894,-0.013909,0,0.00261115,0.999997,0.000141284,0,0.0139086,-0.000177588,0.999903,0,-0.0632734,0.000165093,0.000880157,1,2,0.502583,0.487419,0.875166,0.875166,5.20662,0.24839,-0.0876499,8.36841,-5.27394e-05,-1.00255e-05,4.3879,-0.525412,13,1,860160,896,832,640
1,1,13,3,7,-0.706041,-0.00790564,-0.708127,0,0.00906649,0.999755,-0.0202012,0,0.708113,-0.0206831,-0.705796,0,-1.10929,0.356217,0.503153,1,1000012837466903800,6.9086,0.01,6295,1,1,1,0.64112,0.235227,0.123654,0.193153,0.651026,0.155823,0.0942861,0.256904,0.648825,1.75667,-0.555222,-0.201446,-0.508254,1.85749,-0.349234,-0.0540321,-0.654794,1.7088,0.78,1,1000012837466903800,0.9999,-0.00260894,-0.013909,0,0.00261115,0.999997,0.000141284,0,0.0139086,-0.000177588,0.999903,0,-0.0632734,0.000165093,0.000880157,1,2,0.502583,0.487419,0.875166,0.875166,5.20662,0.24839,-0.0876499,8.36841,-5.27394e-05,-1.00255e-05,4.3879,-0.525412,13,1,860160,896,832,640
1,1,14,3,7,-0.706023,-0.00789393,-0.708145,0,0.00908486,0.999755,-0.0202022,0,0.708131,-0.0206966,-0.705778,0,-1.10929,0.356217,0.503153,1,1000012837478015000,6.9086,0.01,6295,1,1,1,0.64112,0.235227,0.123654,0.193153,0.651026,0.155823,0.0942861,0.256904,0.648825,1.75667,-0.555222,-0.201446,-0.508254,1.85749,-0.349234,-0.0540321,-0.654794,1.7088,0.78,1,1000012837478015000,0.9999,-0.00260894,-0.013909,0,0.00261115,0.999997,0.000141284,0,0.0139086,-0.000177588,0.999903,0,-0.0632734,0.000165093,0.000880157,1,2,0.502583,0.487419,0.875166,0.875166,5.20662,0.24839,-0.0876499,8.36841,-5.27394e-05,-1.00255e-05,4.3879,-0.525412,13,1,860160,896,832,640
1,1,15,3,7,-0.706037,-0.00790104,-0.70813,0,0.00907663,0.999755,-0.0202047,0,0.708116,-0.0206927,-0.705793,0,-1.10929,0.356217,0.503153,1,1000012837489126200,6.9086,0.01,6295,1,1,1,0.64112,0.235227,0.123654,0.193153,0.651026,0.155823,0.0942861,0.256904,0.648825,1.75667,-0.555222,-0.201446,-0.508254,1.85749,-0.349234,-0.0540321,-0.654794,1.7088,0.78,1,1000012837489126200,0.9999,-0.00260894,-0.013909,0,0.00261115,0.999997,0.000141284,0,0.0139086,-0.000177588,0.999903,0,-0.0632734,0.000165093,0.000880157,1,2,0.502583,0.487419,0.875166,0.875166,5.20662,0.24839,-0.0876499,8.36841,-5.27394e-05,-1.00255e-05,4.3879,-0.525412,13,1,860160,896,832,640
1,1,16,3,7,-0.706055,-0.00789158,-0.708113,0,0.00908647,0.999755,-0.0202019,0,0.708099,-0.0206979,-0.70581,0,-1.10929,0.356217,0.503153,1,1000012837500237400,6.9086,0.01,6295,1,1,1,0.64112,0.235227,0.123654,0.193153,0.651026,0.155823,0.0942861,0.256904,0.648825,1.75667,-0.555222,-0.201446,-0.508254,1.85749,-0.349234,-0.0540321,-0.654794,1.7088,0.78,1,1000012837500237400,0.9999,-0.00260894,-0.013909,0,0.00261115,0.999997,0.000141284,0,0.0139086,-0.000177588,0.999903,0,-0.0632734,0.000165093,0.000880157,1,2,0.502583,0.487419,0.875166,0.875166,5.20662,0.24839,-0.0876499,8.36841,-5.27394e-05,-1.00255e-05,4.3879,-0.525412,13,1,860160,896,832,640
1,1,17,3,7,-0.706031,-0.00788814,-0.708137,0,0.00909525,0.999754,-0.0202048,0,0.708122,-0.0207059,-0.705786,0,-1.10929,0.356217,0.503153,1,1000012837511348500,6.9086,0.01,6295,1,1,1,0.64112,0.235227,0.123654,0.193153,0.651026,0.155823,0.0942861,0.256904,0.648825,1.75667,-0.555222,-0.201446,-0.508254,1.85749,-0.349234,-0.0540321,-0.654794,1.7088,0.78,1,1000012837511348500,0.9999,-0.00260894,-0.013909,0,0.00261115,0.999997,0.000141284,0,0.0139086,-0.000177588,0.999903,0,-0.0632734,0.000165093,0.000880157,1,2,0.502583,0.487419,0.875166,0.875166,5.20662,0.24839,-0.0876499,8.36841,-5.27394e-05,-1.00255e-05,4.3879,-0.525412,13,1,860160,896,832,640
1,1,18,3,7,-0.706037,-0.00789001,-0.708131,0,0.00911451,0.999754,-0.0202268,0,0.708116,-0.0207352,-0.705792,0,-1.10929,0.356217,0.503153,1,1000012837522459800,6.9086,0.01,6295,1,1,1,0.64112,0.235227,0.123654,0.193153,0.651026,0.155823,0.0942861,0.256904,0.648825,1.75667,-0.555222,-0.201446,-0.508254,1.85749,-0.349234,-0.0540321,-0.654794,1.7088,0.78,1,1000012837522459800,0.9999,-0.00260894,-0.013909,0,0.00261115,0.999997,0.000141284,0,0.0139086,-0.000177588,0.999903,0,-0.0632734,0.000165093,0.000880157,1,2,0.502583,0.487419,0.875166,0.875166,5.20662,0.24839,-0.0876499,8.36841,-5.27394e-05,-1.00255e-05,4.3879,-0.525412,13,1,860160,896,832,640
1,1,19,3,7,-0.706058,-0.00788113,-0.70811,0,0.00911482,0.999754,-0.0202155,0,0.708095,-0.0207276,-0.705813,0,-1.10929,0.356217,0.503153,1,1000012837533571000,6.9086,0.01,6295,1,1,1,0.64112,0.235227,0.123654,0.193153,0.651026,0.155823,0.0942861,0.256904,0.648825,1.75667,-0.555222,-0.201446,-0.508254,1.85749,-0.349234,-0.0540321,-0.654794,1.7088,0.78,1,1000012837533571000,0.9999,-0.00260894,-0.013909,0,0.00261115,0.999997,0.000141284,0,0.0139086,-0.000177588,0.999903,0,-0.0632734,0.000165093,0.000880157,1,2,0.502583,0.487419,0.875166,0.875166,5.20662,0.24839,-0.0876499,8.36841,-5.27394e-05,-1.00255e-05,4.3879,-0.525412,13,1,860160,896,832,640
1,1,20,3,7,-0.706077,-0.00788446,-0.708091,0,0.00912982,0.999754,-0.0202359,0,0.708077,-0.0207528,-0.705831,0,-1.10929,0.356217,0.503153,1,1000012837544682200,6.9086,0.01,6295,1,1,1,0.64112,0.235227,0.123654,0.193153,0.651026,0.155823,0.0942861,0.256904,0.648825,1.75667,-0.555222,-0.201446,-0.508254,1.85749,-0.349234,-0.0540321,-0.654794,1.7088,0.78,1,1000012837544682200,0.9999,-0.00260894,-0.013909,0,0.00261115,0.999997,0.000141284,0,0.0139086,-0.000177588,0.999903,0,-0.0632734,0.000165093,0.000880157,1,2,0.502583,0.487419,0.875166,0.875166,5.20662,0.24839,-0.0876499,8.36841,-5.27394e-05,-1.00255e-05,4.3879,-0.525412,13,1,860160,896,832,640
1,1,21,3,7,-0.706059,-0.00787443,-0.70811,0,0.00914985,0.999753,-0.020241,0,0.708094,-0.0207704,-0.705812,0,-1.10929,0.356217,0.503153,1,1000012837555793400,6.9086,0.01,6295,1,1,1,0.64112,0.235227,0.123654,0.193153,0.651026,0.155823,0.0942861,0.256904,0.648825,1.75667,-0.555222,-0.201446,-0.508254,1.85749,-0.349234,-0.0540321,-0.654794,1.7088,0.78,1,1000012837555793400,0.9999,-0.00260894,-0.013909,0,0.00261115,0.999997,0.000141284,0,0.0139086,-0.000177588,0.999903,0,-0.0632734,0.000165093,0.000880157,1,2,0.502583,0.487419,0.875166,0.875166,5.20662,0.24839,-0.0876499,8.36841,-5.27394e-05,-1.00255e-05,4.3879,-0.525412,13,1,860160,896,832,640
1,1,22,3,7,-0.706068,-0.00786212,-0.7081,0,0.00916982,0.999753,-0.0202439,0,0.708085,-0.0207867,-0.705821,0,-1.10929,0.356217,0.503153,1,1000012837566904600,6.9086,0.01,6295,1,1,1,0.64112,0.235227,0.123654,0.193153,0.651026,0.155823,0.0942861,0.256904,0.648825,1.75667,-0.555222,-0.201446,-0.508254,1.85749,-0.349234,-0.0540321,-0.654794,1.7088,0.78,1,1000012837566904600,0.9999,-0.00260894,-0.013909,0,0.00261115,0.999997,0.000141284,0,0.0139086,-0.000177588,0.999903,0,-0.0632734,0.000165093,0.000880157,1,2,0.502583,0.487419,0.875166,0.875166,5.20662,0.24839,-0.0876499,8.36841,-5.27394e-05,-1.00255e-05,4.3879,-0.525412,13,1,860160,896,832,640
1,1,23,3,7,-0.706069,-0.00784483,-0.708099,0,0.00917966,0.999753,-0.0202293,0,0.708083,-0.0207834,-0.705823,0,-1.10929,0.356217,0.503153,1,1000012837578015800,6.9086,0.01,6295,1,1,1,0.64112,0.235227,0.123654,0.193153,0.651026,0.155823,0.0942861,0.256904,0.648825,1.75667,-0.555222,-0.201446,-0.508254,1.85749,-0.349234,-0.0540321,-0.654794,1.7088,0.78,1,1000012837578015800,0.9999,-0.00260894,-0.013909,0,0.00261115,0.999997,0.000141284,0,0.0139086,-0.000177588,0.999903,0,-0.0632734,0.000165093,0.000880157,1,2,0.502583,0.487419,0.875166,0.875166,5.20662,0.24839,-0.0876499,8.36841,-5.27394e-05,-1.00255e-05,4.3879,-0.525412,13,1,860160,896,832,640
1,1,24,3,7,-0.706084,-0.00784223,-0.708085,0,0.0091998,0.999753,-0.0202463,0,0.708069,-0.0208098,-0.705837,0,-1.10929,0.356217,0.503153,1,1000012837589127000,6.9086,0.01,6295,1,1,1,0.64112,0.235227,0.123654,0.193153,0.651026,0.155823,0.0942861,0.256904,0.648825,1.75667,-0.555222,-0.201446,-0.508254,1.85749,-0.349234,-0.0540321,-0.654794,1.7088,0.78,1,1000012837589127000,0.9999,-0.00260894,-0.013909,0,0.00261115,0.999997,0.000141284,0,0.0139086,-0.000177588,0.999903,0,-0.0632734,0.000165093,0.000880157,1,2,0.502583,0.487419,0.875166,0.875166,5.20662,0.24839,-0.0876499,8.36841,-5.27394e-05,-1.00255e-05,4.3879,-0.525412,13,1,860160,896,832,640
1,1,25,3,7,-0.706027,-0.00784456,-0.708141,0,0.00920591,0.999752,-0.0202534,0,0.708125,-0.0208185,-0.70578,0,-1.10929,0.356217,0.503153,1,1000012837600238200,6.9086,0.01,6295,1,1,1,0.64112,0.235227,0.123654,0.193153,0.651026,0.155823,0.0942861,0.256904,0.648825,1.75667,-0.555222,-0.201446,-0.508254,1.85749,-0.349234,-0.0540321,-0.654794,1.7088,0.78,1,1000012837600238200,0.9999,-0.00260894,-0.013909,0,0.00261115,0.999997,0.000141284,0,0.0139086,-0.000177588,0.999903,0,-0.0632734,0.000165093,0.000880157,1,2,0.502583,0.487419,0.875166,0.875166,5.20662,0.24839,-0.0876499,8.36841,-5.27394e-05,-1.00255e-05,4.3879,-0.525412,13,1,860160,896,832,640
1,1,26,3,7,-0.706043,-0.00784552,-0.708125,0,0.00920798,0.999752,-0.0202574,0,0.708109,-0.020823,-0.705796,0,-1.10929,0.356217,0.503153,1,1000012837611349400,6.9086,0.01,6295,1,1,1,0.64112,0.235227,0.123654,0.193153,0.651026,0.155823,0.0942861,0.256904,0.648825,1.75667,-0.555222,-0.201446,-0.508254,1.85749,-0.349234,-0.0540321,-0.654794,1.7088,0.78,1,1000012837611349400,0.9999,-0.00260894,-0.013909,0,0.00261115,0.999997,0.000141284,0,0.0139086,-0.000177588,0.999903,0,-0.0632734,0.000165093,0.000880157,1,2,0.502583,0.487419,0.875166,0.875166,5.20662,0.24839,-0.0876499,8.36841,-5.27394e-05,-1.00255e-05,4.3879,-0.525412,13,1,860160,896,832,640
1,1,27,3,7,-0.706064,-0.00784044,-0.708105,0,0.00922224,0.999752,-0.0202654,0,0.708088,-0.020839,-0.705817,0,-1.10929,0.356217,0.503153,1,1000012837622460700,6.9086,0.01,6295,1,1,1,0.64112,0.235227,0.123654,0.193153,0.651026,0.155823,0.0942861,0.256904,0.648825,1.75667,-0.555222,-0.201446,-0.508254,1.85749,-0.349234,-0.0540321,-0.654794,1.7088,0.78,1,1000012837622460700,0.9999,-0.00260894,-0.013909,0,0.00261115,0.999997,0.000141284,0,0.0139086,-0.000177588,0.999903,0,-0.0632734,0.000165093,0.000880157,1,2,0.502583,0.487419,0.875166,0.875166,5.20662,0.24839,-0.0876499,8.36841,-5.27394e-05,-1.00255e-05,4.3879,-0.525412,13,1,860160,896,832,640
1,1,28,3,7,-0.706086,-0.00784922,-0.708083,0,0.00921932,0.999752,-0.0202757,0,0.708066,-0.0208445,-0.705838,0,-1.10929,0.356217,0.503153,1,1000012837633571700,6.9086,0.01,6295,1,1,1,0.64112,0.235227,0.123654,0.193153,0.651026,0.155823,0.0942861,0.256904,0.648825,1.75667,-0.555222,-0.201446,-0.508254,1.85749,-0.349234,-0.0540321,-0.654794,1.7088,0.78,1,1000012837633571700,0.9999,-0.00260894,-0.013909,0,0.00261115,0.999997,0.000141284,0,0.0139086,-0.000177588,0.999903,0,-0.0632734,0.000165093,0.000880157,1,2,0.502583,0.487419,0.875166,0.875166,5.20662,0.24839,-0.0876499,8.36841,-5.27394e-05,-1.00255e-05,4.3879,-0.525412,13,1,860160,896,832,640
1,1,29,3,7,-0.706091,-0.00785824,-0.708077,0,0.00923327,0.999751,-0.0203026,0,0.708061,-0.0208734,-0.705843,0,-1.10929,0.356217,0.503153,1,1000012837644683000,6.9086,0.01,6295,1,1,1,0.64112,0.235227,0.123654,0.193153,0.651026,0.155823,0.0942861,0.256904,0.648825,1.75667,-0.555222,-0.201446,-0.508254,1.85749,-0.349234,-0.0540321,-0.654794,1.7088,0.78,1,1000012837644683000,0.9999,-0.00260894,-0.013909,0,0.00261115,0.999997,0.000141284,0,0.0139086,-0.000177588,0.999903,0,-0.0632734,0.000165093,0.000880157,1,2,0.502583,0.487419,0.875166,0.875166,5.20662,0.24839,-0.0876499,8.36841,-5.27394e-05,-1.00255e-05,4.3879,-0.525412,13,1,860160,896,832,640
1,1,30,3,7,-0.706097,-0.00785677,-0.708072,0,0.00923799,0.999751,-0.0203055,0,0.708055,-0.0208788,-0.705848,0,-1.10929,0.356217,0.503153,1,1000012837655794200,6.9086,0.01,6295,1,1,1,0.64112,0.235227,0.123654,0.193153,0.651026,0.155823,0.0942861,0.256904,0.648825,1.75667,-0.555222,-0.201446,-0.508254,1.85749,-0.349234,-0.0540321,-0.654794,1.7088,0.78,1,1000012837655794200,0.9999,-0.00260894,-0.013909,0,0.00261115,0.999997,0.000141284,0,0.0139086,-0.000177588,0.999903,0,-0.0632734,0.000165093,0.000880157,1,2,0.502583,0.487419,0.875166,0.875166,5.20662,0.24839,-0.0876499,8.36841,-5.27394e-05,-1.00255e-05,4.3879,-0.525412,13,1,860160,896,832,640
1,1,31,3,7,-0.706076,-0.00785155,-0.708092,0,0.00926248,0.999751,-0.0203217,0,0.708075,-0.0209073,-0.705827,0,-1.10929,0.356217,0.503153,1,1000012837666905400,6.9086,0.01,6295,1,1,1,0.64112,0.235227,0.123654,0.193153,0.651026,0.155823,0.0942861,0.256904,0.648825,1.75667,-0.555222,-0.201446,-0.508254,1.85749,-0.349234,-0.0540321,-0.654794,1.7088,0.78,1,1000012837666905400,0.9999,-0.00260894,-0.013909,0,0.00261115,0.999997,0.000141284,0,0.0139086,-0.000177588,0.999903,0,-0.0632734,0.000165093,0.000880157,1,2,0.502583,0.487419,0.875166,0.875166,5.20662,0.24839,-0.0876499,8.36841,-5.27394e-05,-1.00255e-05,4.3879,-0.525412,13,1,860160,896,832,640
1,1,32,3,7,-0.706101,-0.00785176,-0.708067,0,0.00927533,0.99975,-0.0203358,0,0.70805,-0.0209267,-0.705852,0,-1.10929,0.356217,0.503153,1,1000012837678016600,6.9086,0.01,6295,1,1,1,0.64112,0.235227,0.123654,0.193153,0.651026,0.155823,0.0942861,0.256904,0.648825,1.75667,-0.555222,-0.201446,-0.508254,1.85749,-0.349234,-0.0540321,-0.654794,1.7088,0.78,1,1000012837678016600,0.9999,-0.00260894,-0.013909,0,0.00261115,0.999997,0.000141284,0,0.0139086,-0.000177588,0.999903,0,-0.0632734,0.000165093,0.000880157,1,2,0.502583,0.487419,0.875166,0.875166,5.20662,0.24839,-0.0876499,8.36841,-5.27394e-05,-1.00255e-05,4.3879,-0.525412,13,1,860160,896,832,640
1,1,33,3,7,-0.7061,-0.00783598,-0.708069,0,0.00931656,0.999749,-0.0203546,0,0.708051,-0.0209691,-0.70585,0,-1.10929,0.356217,0.503153,1,1000012837689127800,6.9086,0.01,6295,1,1,1,0.64112,0.235227,0.123654,0.193153,0.651026,0.155823,0.0942861,0.256904,0.648825,1.75667,-0.555222,-0.201446,-0.508254,1.85749,-0.349234,-0.0540321,-0.654794,1.7088,0.78,1,1000012837689127800,0.9999,-0.00260894,-0.013909,0,0.00261115,0.999997,0.000141284,0,0.0139086,-0.000177588,0.999903,0,-0.0632734,0.000165093,0.000880157,1,2,0.502583,0.487419,0.875166,0.875166,5.20662,0.24839,-0.0876499,8.36841,-5.27394e-05,-1.00255e-05,4.3879,-0.525412,13,1,860160,896,832,640
1,1,34,3,7,-0.706133,-0.00783485,-0.708036,0,0.00932164,0.999749,-0.0203594,0,0.708018,-0.0209765,-0.705882,0,-1.10929,0.356217,0.503153,1,1000012837700239000,6.9086,0.01,6295,1,1,1,0.64112,0.235227,0.123654,0.193153,0.651026,0.155823,0.0942861,0.256904,0.648825,1.75667,-0.555222,-0.201446,-0.508254,1.85749,-0.349234,-0.0540321,-0.654794,1.7088,0.78,1,1000012837700239000,0.9999,-0.00260894,-0.013909,0,0.00261115,0.999997,0.000141284,0,0.0139086,-0.000177588,0.999903,0,-0.0632734,0.000165093,0.000880157,1,2,0.502583,0.487419,0.875166,0.875166,5.20662,0.24839,-0.0876499,8.36841,-5.27394e-05,-1.00255e-05,4.3879,-0.525412,13,1,860160,896,832,640
1,1,35,3,7,-0.706139,-0.00782417,-0.70803,0,0.00935215,0.999749,-0.020375,0,0.708011,-0.0210092,-0.705888,0,-1.10929,0.356217,0.503153,1,1000012837711350200,6.9086,0.01,6295,1,1,1,0.64112,0.235227,0.123654,0.193153,0.651026,0.155823,0.0942861,0.256904,0.648825,1.75667,-0.555222,-0.201446,-0.508254,1.85749,-0.349234,-0.0540321,-0.654794,1.7088,0.78,1,1000012837711350200,0.9999,-0.00260894,-0.013909,0,0.00261115,0.999997,0.000141284,0,0.0139086,-0.000177588,0.999903,0,-0.0632734,0.000165093,0.000880157,1,2,0.502583,0.487419,0.875166,0.875166,5.20662,0.24839,-0.0876499,8.36841,-5.27394e-05,-1.00255e-05,4.3879,-0.525412,13,1,860160,896,832,640
1,1,36,3,7,-0.706181,-0.00783285,-0.707988,0,0.00934457,0.999749,-0.0203815,0,0.70797,-0.0210088,-0.70593,0,-1.10929,0.356217,0.503153,1,1000012837722462800,6.9086,0.01,6295,1,1,1,0.64112,0.235227,0.123654,0.193153,0.651026,0.155823,0.0942861,0.256904,0.648825,1.75667,-0.555222,-0.201446,-0.508254,1.85749,-0.349234,-0.0540321,-0.654794,1.7088,0.78,1,1000012837722462800,0.9999,-0.00260894,-0.013909,0,0.00261115,0.999997,0.000141284,0,0.0139086,-0.000177588,0.999903,0,-0.0632734,0.000165093,0.000880157,1,2,0.502583,0.487419,0.875166,0.875166,5.20662,0.24839,-0.0876499,8.36841,-5.27394e-05,-1.00255e-05,4.3879,-0.525412,13,1,860160,896,832,640
1,1,37,3,7,-0.706164,-0.00783989,-0.708005,0,0.00936658,0.999748,-0.0204126,0,0.707986,-0.0210463,-0.705912,0,-1.10929,0.356217,0.503153,1,1000012837733574100,6.9086,0.01,6295,1,1,1,0.64112,0.235227,0.123654,0.193153,0.651026,0.155823,0.0942861,0.256904,0.648825,1.75667,-0.555222,-0.201446,-0.508254,1.85749,-0.349234,-0.0540321,-0.654794,1.7088,0.78,1,1000012837733574100,0.9999,-0.00260894,-0.013909,0,0.00261115,0.999997,0.000141284,0,0.0139086,-0.000177588,0.999903,0,-0.0632734,0.000165093,0.000880157,1,2,0.502583,0.487419,0.875166,0.875166,5.20662,0.24839,-0.0876499,8.36841,-5.27394e-05,-1.00255e-05,4.3879,-0.525412,13,1,860160,896,832,640
1,1,38,3,7,-0.706194,-0.0078371,-0.707975,0,0.00939301,0.999747,-0.0204363,0,0.707956,-0.021082,-0.705942,0,-1.10929,0.356217,0.503153,1,1000012837744685200,6.9086,0.01,6295,1,1,1,0.64112,0.235227,0.123654,0.193153,0.651026,0.155823,0.0942861,0.256904,0.648825,1.75667,-0.555222,-0.201446,-0.508254,1.85749,-0.349234,-0.0540321,-0.654794,1.7088,0.78,1,1000012837744685200,0.9999,-0.00260894,-0.013909,0,0.00261115,0.999997,0.000141284,0,0.0139086,-0.000177588,0.999903,0,-0.0632734,0.000165093,0.000880157,1,2,0.502583,0.487419,0.875166,0.875166,5.20662,0.24839,-0.0876499,8.36841,-5.27394e-05,-1.00255e-05,4.3879,-0.525412,13,1,860160,896,832,640
1,1,39,3,7,-0.706165,-0.00783959,-0.708004,0,0.00941897,0.999746,-0.0204645,0,0.707985,-0.02112,-0.705912,0,-1.10929,0.356217,0.503153,1,1000012837755796500,6.9086,0.01,6295,1,1,1,0.64112,0.235227,0.123654,0.193153,0.651026,0.155823,0.0942861,0.256904,0.648825,1.75667,-0.555222,-0.201446,-0.508254,1.85749,-0.349234,-0.0540321,-0.654794,1.7088,0.78,1,1000012837755796500,0.9999,-0.00260894,-0.013909,0,0.00261115,0.999997,0.000141284,0,0.0139086,-0.000177588,0.999903,0,-0.0632734,0.000165093,0.000880157,1,2,0.502583,0.487419,0.875166,0.875166,5.20662,0.24839,-0.0876499,8.36841,-5.27394e-05,-1.00255e-05,4.3879,-0.525412,13,1,860160,896,832,640
1,1,40,3,7,-0.706221,-0.00783455,-0.707948,0,0.00941185,0.999747,-0.0204527,0,0.707929,-0.0211072,-0.705969,0,-1.10929,0.356217,0.503153,1,1000012837766907600,6.9086,0.01,6295,1,1,1,0.64112,0.235227,0.123654,0.193153,0.651026,0.155823,0.0942861,0.256904,0.648825,1.75667,-0.555222,-0.201446,-0.508254,1.85749,-0.349234,-0.0540321,-0.654794,1.7088,0.78,1,1000012837766907600,0.9999,-0.00260894,-0.013909,0,0.00261115,0.999997,0.000141284,0,0.0139086,-0.000177588,0.999903,0,-0.0632734,0.000165093,0.000880157,1,2,0.502583,0.487419,0.875166,0.875166,5.20662,0.24839,-0.0876499,8.36841,-5.27394e-05,-1.00255e-05,4.3879,-0.525412,13,1,860160,896,832,640
1,1,41,3,7,-0.706263,-0.007829,-0.707907,0,0.00942603,0.999746,-0.0204607,0,0.707887,-0.0211234,-0.70601,0,-1.10929,0.356217,0.503153,1,1000012837778018900,6.9086,0.01,6295,1,1,1,0.64112,0.235227,0.123654,0.193153,0.651026,0.155823,0.0942861,0.256904,0.648825,1.75667,-0.555222,-0.201446,-0.508254,1.85749,-0.349234,-0.0540321,-0.654794,1.7088,0.78,1,1000012837778018900,0.9999,-0.00260894,-0.013909,0,0.00261115,0.999997,0.000141284,0,0.0139086,-0.000177588,0.999903,0,-0.0632734,0.000165093,0.000880157,1,2,0.502583,0.487419,0.875166,0.875166,5.20662,0.24839,-0.0876499,8.36841,-5.27394e-05,-1.00255e-05,4.3879,-0.525412,13,1,860160,896,832,640
1,1,42,3,7,-0.706303,-0.00783765,-0.707867,0,0.0094391,0.999746,-0.0204876,0,0.707847,-0.0211521,-0.706049,0,-1.10929,0.356217,0.503153,1,1000012837789130100,6.9086,0.01,6295,1,1,1,0.64112,0.235227,0.123654,0.193153,0.651026,0.155823,0.0942861,0.256904,0.648825,1.75667,-0.555222,-0.201446,-0.508254,1.85749,-0.349234,-0.0540321,-0.654794,1.7088,0.78,1,1000012837789130100,0.9999,-0.00260894,-0.013909,0,0.00261115,0.999997,0.000141284,0,0.0139086,-0.000177588,0.999903,0,-0.0632734,0.000165093,0.000880157,1,2,0.502583,0.487419,0.875166,0.875166,5.20662,0.24839,-0.0876499,8.36841,-5.27394e-05,-1.00255e-05,4.3879,-0.525412,13,1,860160,896,832,640
1,1,43,3,7,-0.706275,-0.00784152,-0.707894,0,0.00946797,0.999745,-0.0205207,0,0.707875,-0.0211956,-0.70602,0,-1.10929,0.356217,0.503153,1,1000012837800241400,6.9086,0.01,6295,1,1,1,0.64112,0.235227,0.123654,0.193153,0.651026,0.155823,0.0942861,0.256904,0.648825,1.75667,-0.555222,-0.201446,-0.508254,1.85749,-0.349234,-0.0540321,-0.654794,1.7088,0.78,1,1000012837800241400,0.9999,-0.00260894,-0.013909,0,0.00261115,0.999997,0.000141284,0,0.0139086,-0.000177588,0.999903,0,-0.0632734,0.000165093,0.000880157,1,2,0.502583,0.487419,0.875166,0.875166,5.20662,0.24839,-0.0876499,8.36841,-5.27394e-05,-1.00255e-05,4.3879,-0.525412,13,1,860160,896,832,640
1,1,44,3,7,-0.706316,-0.00783191,-0.707854,0,0.0094818,0.999744,-0.0205227,0,0.707833,-0.0212072,-0.706061,0,-1.10929,0.356217,0.503153,1,1000012837811352400,6.9086,0.01,6295,1,1,1,0.64112,0.235227,0.123654,0.193153,0.651026,0.155823,0.0942861,0.256904,0.648825,1.75667,-0.555222,-0.201446,-0.508254,1.85749,-0.349234,-0.0540321,-0.654794,1.7088,0.78,1,1000012837811352400,0.9999,-0.00260894,-0.013909,0,0.00261115,0.999997,0.000141284,0,0.0139086,-0.000177588,0.999903,0,-0.0632734,0.000165093,0.000880157,1,2,0.502583,0.487419,0.875166,0.875166,5.20662,0.24839,-0.0876499,8.36841,-5.27394e-05,-1.00255e-05,4.3879,-0.525412,13,1,860160,896,832,640
1,1,45,3,7,-0.706344,-0.00782089,-0.707825,0,0.00951297,0.999744,-0.0205394,0,0.707805,-0.0212414,-0.706089,0,-1.10929,0.356217,0.503153,1,1000012837822463700,6.9086,0.01,6295,1,1,1,0.64112,0.235227,0.123654,0.193153,0.651026,0.155823,0.0942861,0.256904,0.648825,1.75667,-0.555222,-0.201446,-0.508254,1.85749,-0.349234,-0.0540321,-0.654794,1.7088,0.78,1,1000012837822463700,0.9999,-0.00260894,-0.013909,0,0.00261115,0.999997,0.000141284,0,0.0139086,-0.000177588,0.999903,0,-0.0632734,0.000165093,0.000880157,1,2,0.502583,0.487419,0.875166,0.875166,5.20662,0.24839,-0.0876499,8.36841,-5.27394e-05,-1.00255e-05,4.3879,-0.525412,13,1,860160,896,832,640
1,1,46,3,7,-0.706349,-0.00781348,-0.707821,0,0.00951183,0.999744,-0.020528,0,0.7078,-0.0212326,-0.706094,0,-1.10929,0.356217,0.503153,1,1000012837833574800,6.9086,0.01,6295,1,1,1,0.64112,0.235227,0.123654,0.193153,0.651026,0.155823,0.0942861,0.256904,0.648825,1.75667,-0.555222,-0.201446,-0.508254,1.85749,-0.349234,-0.0540321,-0.654794,1.7088,0.78,1,1000012837833574800,0.9999,-0.00260894,-0.013909,0,0.00261115,0.999997,0.000141284,0,0.0139086,-0.000177588,0.999903,0,-0.0632734,0.000165093,0.000880157,1,2,0.502583,0.487419,0.875166,0.875166,5.20662,0.24839,-0.0876499,8.36841,-5.27394e-05,-1.00255e-05,4.3879,-0.525412,13,1,860160,896,832,640
1,1,47,3,7,-0.706358,-0.00782723,-0.707811,0,0.00954186,0.999743,-0.0205778,0,0.70779,-0.0212891,-0.706102,0,-1.10929,0.356217,0.503153,1,1000012837844686100,6.9086,0.01,6295,1,1,1,0.64112,0.235227,0.123654,0.193153,0.651026,0.155823,0.0942861,0.256904,0.648825,1.75667,-0.555222,-0.201446,-0.508254,1.85749,-0.349234,-0.0540321,-0.654794,1.7088,0.78,1,1000012837844686100,0.9999,-0.00260894,-0.013909,0,0.00261115,0.999997,0.000141284,0,0.0139086,-0.000177588,0.999903,0,-0.0632734,0.000165093,0.000880157,1,2,0.502583,0.487419,0.875166,0.875166,5.20662,0.24839,-0.0876499,8.36841,-5.27394e-05,-1.00255e-05,4.3879,-0.525412,13,1,860160,896,832,640
1,1,48,3,7,-0.706382,-0.00782717,-0.707788,0,0.00953927,0.999743,-0.0205761,0,0.707767,-0.0212864,-0.706125,0,-1.10929,0.356217,0.503153,1,1000012837855797200,6.9086,0.01,6295,1,1,1,0.64112,0.235227,0.123654,0.193153,0.651026,0.155823,0.0942861,0.256904,0.648825,1.75667,-0.555222,-0.201446,-0.508254,1.85749,-0.349234,-0.0540321,-0.654794,1.7088,0.78,1,1000012837855797200,0.9999,-0.00260894,-0.013909,0,0.00261115,0.999997,0.000141284,0,0.0139086,-0.000177588,0.999903,0,-0.0632734,0.000165093,0.000880157,1,2,0.502583,0.487419,0.875166,0.875166,5.20662,0.24839,-0.0876499,8.36841,-5.27394e-05,-1.00255e-05,4.3879,-0.525412,13,1,860160,896,832,640
1,1,49,3,7,-0.706387,-0.00782535,-0.707782,0,0.00958234,0.999742,-0.0206167,0,0.707761,-0.0213456,-0.70613,0,-1.10929,0.356217,0.503153,1,1000012837866908500,6.9086,0.01,6295,1,1,1,0.64112,0.235227,0.123654,0.193153,0.651026,0.155823,0.0942861,0.256904,0.648825,1.75667,-0.555222,-0.201446,-0.508254,1.85749,-0.349234,-0.0540321,-0.654794,1.7088,0.78,1,1000012837866908500,0.9999,-0.00260894,-0.013909,0,0.00261115,0.999997,0.000141284,0,0.0139086,-0.000177588,0.999903,0,-0.0632734,0.000165093,0.000880157,1,2,0.502583,0.487419,0.875166,0.875166,5.20662,0.24839,-0.0876499,8.36841,-5.27394e-05,-1.00255e-05,4.3879,-0.525412,13,1,860160,896,832,640
1,1,50,3,7,-0.706375,-0.0078274,-0.707795,0,0.00959179,0.999741,-0.0206285,0,0.707773,-0.0213605,-0.706117,0,-1.10929,0.356217,0.503153,1,1000012837878019600,6.9086,0.01,6295,1,1,1,0.64112,0.235227,0.123654,0.193153,0.651026,0.155823,0.0942861,0.256904,0.648825,1.75667,-0.555222,-0.201446,-0.508254,1.85749,-0.349234,-0.0540321,-0.654794,1.7088,0.78,1,1000012837878019600,0.9999,-0.00260894,-0.013909,0,0.00261115,0.999997,0.000141284,0,0.0139086,-0.000177588,0.999903,0,-0.0632734,0.000165093,0.000880157,1,2,0.502583,0.487419,0.875166,0.875166,5.20662,0.24839,-0.0876499,8.36841,-5.27394e-05,-1.00255e-05,4.3879,-0.525412,13,1,860160,896,832,640
1,1,51,3,7,-0.706411,-0.00782724,-0.707759,0,0.00963442,0.99974,-0.0206724,0,0.707737,-0.021422,-0.706151,0,-1.10929,0.356217,0.503153,1,1000012837889130800,6.9086,0.01,6295,1,1,1,0.64112,0.235227,0.123654,0.193153,0.651026,0.155823,0.0942861,0.256904,0.648825,1.75667,-0.555222,-0.201446,-0.508254,1.85749,-0.349234,-0.0540321,-0.654794,1.7088,0.78,1,1000012837889130800,0.9999,-0.00260894,-0.013909,0,0.00261115,0.999997,0.000141284,0,0.0139086,-0.000177588,0.999903,0,-0.0632734,0.000165093,0.000880157,1,2,0.502583,0.487419,0.875166,0.875166,5.20662,0.24839,-0.0876499,8.36841,-5.27394e-05,-1.00255e-05,4.3879,-0.525412,13,1,860160,896,832,640
1,1,52,3,7,-0.706418,-0.00783306,-0.707752,0,0.0096299,0.99974,-0.0206764,0,0.70773,-0.0214217,-0.706159,0,-1.10929,0.356217,0.503153,1,1000012837900242000,6.9086,0.01,6295,1,1,1,0.64112,0.235227,0.123654,0.193153,0.651026,0.155823,0.0942861,0.256904,0.648825,1.75667,-0.555222,-0.201446,-0.508254,1.85749,-0.349234,-0.0540321,-0.654794,1.7088,0.78,1,1000012837900242000,0.9999,-0.00260894,-0.013909,0,0.00261115,0.999997,0.000141284,0,0.0139086,-0.000177588,0.999903,0,-0.0632734,0.000165093,0.000880157,1,2,0.502583,0.487419,0.875166,0.875166,5.20662,0.24839,-0.0876499,8.36841,-5.27394e-05,-1.00255e-05,4.3879,-0.525412,13,1,860160,896,832,640
1,1,53,3,7,-0.706467,-0.00782762,-0.707703,0,0.00967027,0.999739,-0.0207111,0,0.70768,-0.0214754,-0.706206,0,-1.10929,0.356217,0.503153,1,1000012837911353300,6.9086,0.01,6295,1,1,1,0.64112,0.235227,0.123654,0.193153,0.651026,0.155823,0.0942861,0.256904,0.648825,1.75667,-0.555222,-0.201446,-0.508254,1.85749,-0.349234,-0.0540321,-0.654794,1.7088,0.78,1,1000012837911353300,0.9999,-0.00260894,-0.013909,0,0.00261115,0.999997,0.000141284,0,0.0139086,-0.000177588,0.999903,0,-0.0632734,0.000165093,0.000880157,1,2,0.502583,0.487419,0.875166,0.875166,5.20662,0.24839,-0.0876499,8.36841,-5.27394e-05,-1.00255e-05,4.3879,-0.525412,13,1,860160,896,832,640
1,1,54,3,7,-0.706491,-0.00782612,-0.707679,0,0.00968348,0.999738,-0.0207232,0,0.707656,-0.0214936,-0.706231,0,-1.10929,0.356217,0.503153,1,1000012837922464400,6.9086,0.01,6295,1,1,1,0.64112,0.235227,0.123654,0.193153,0.651026,0.155823,0.0942861,0.256904,0.648825,1.75667,-0.555222,-0.201446,-0.508254,1.85749,-0.349234,-0.0540321,-0.654794,1.7088,0.78,1,1000012837922464400,0.9999,-0.00260894,-0.013909,0,0.00261115,0.999997,0.000141284,0,0.0139086,-0.000177588,0.999903,0,-0.0632734,0.000165093,0.000880157,1,2,0.502583,0.487419,0.875166,0.875166,5.20662,0.24839,-0.0876499,8.36841,-5.27394e-05,-1.00255e-05,4.3879,-0.525412,13,1,860160,896,832,640
1,1,55,3,7,-0.706493,-0.00782177,-0.707677,0,0.00971735,0.999737,-0.0207509,0,0.707653,-0.0215371,-0.706232,0,-1.10929,0.356217,0.503153,1,1000012837933575600,6.9086,0.01,6295,1,1,1,0.64112,0.235227,0.123654,0.193153,0.651026,0.155823,0.0942861,0.256904,0.648825,1.75667,-0.555222,-0.201446,-0.508254,1.85749,-0.349234,-0.0540321,-0.654794,1.7088,0.78,1,1000012837933575600,0.9999,-0.00260894,-0.013909,0,0.00261115,0.999997,0.000141284,0,0.0139086,-0.000177588,0.999903,0,-0.0632734,0.000165093,0.000880157,1,2,0.502583,0.487419,0.875166,0.875166,5.20662,0.24839,-0.0876499,8.36841,-5.27394e-05,-1.00255e-05,4.3879,-0.525412,13,1,860160,896,832,640
1,1,56,3,7,-0.706542,-0.00781301,-0.707628,0,0.00972012,0.999738,-0.0207434,0,0.707604,-0.0215343,-0.706281,0,-1.10929,0.356217,0.503153,1,1000012837944686800,6.9086,0.01,6295,1,1,1,0.64112,0.235227,0.123654,0.193153,0.651026,0.155823,0.0942861,0.256904,0.648825,1.75667,-0.555222,-0.201446,-0.508254,1.85749,-0.349234,-0.0540321,-0.654794,1.7088,0.78,1,1000012837944686800,0.9999,-0.00260894,-0.013909,0,0.00261115,0.999997,0.000141284,0,0.0139086,-0.000177588,0.999903,0,-0.0632734,0.000165093,0.000880157,1,2,0.502583,0.487419,0.875166,0.875166,5.20662,0.24839,-0.0876499,8.36841,-5.27394e-05,-1.00255e-05,4.3879,-0.525412,13,1,860160,896,832,640
